##FastQC	0.10.1
>>Basic Statistics	pass
#Measure	Value	
Filename	filtered_subreads.fastq	
File type	Conventional base calls	
Encoding	Sanger / Illumina 1.9	
Total Sequences	39697	
Filtered Sequences	0	
Sequence length	500-20254	
%GC	50	
>>END_MODULE
>>Per base sequence quality	fail
#Base	Mean	Median	Lower Quartile	Upper Quartile	10th Percentile	90th Percentile
1	7.443408821825327	8.0	4.0	11.0	2.0	13.0
2	8.041665617049148	8.0	4.0	12.0	2.0	14.0
3	8.686752147517444	9.0	5.0	12.0	2.0	14.0
4	9.030858755069653	10.0	6.0	13.0	3.0	14.0
5	9.202609769000176	10.0	6.0	13.0	3.0	14.0
6	9.295387560772854	10.0	6.0	13.0	3.0	14.0
7	9.289014283195204	10.0	6.0	13.0	3.0	14.0
8	9.226314331057763	10.0	6.0	13.0	3.0	14.0
9	9.207068544222485	10.0	6.0	13.0	3.0	14.0
10-14	9.270337808902434	10.0	6.0	13.0	3.0	14.0
15-19	9.541617754490265	10.6	6.0	13.0	3.0	14.0
20-24	9.743058669420865	11.0	7.0	13.0	3.2	14.0
25-29	9.887986497720231	11.0	7.0	13.0	3.8	14.0
30-34	10.00125954102325	11.0	7.0	13.0	4.0	14.0
35-39	10.08344207370834	11.0	7.0	13.0	4.0	14.0
40-44	10.150933319898229	11.0	7.0	13.0	4.0	14.0
45-49	10.192679547572864	11.0	7.6	13.0	4.0	14.0
50-59	10.22669975061088	11.4	7.9	13.0	4.0	14.0
60-69	10.279796961987051	12.0	8.0	13.0	4.0	14.0
70-79	10.290049625916316	12.0	8.0	13.0	4.0	14.0
80-89	10.324200821220746	12.0	8.0	13.0	4.0	14.0
90-99	10.336307529536239	12.0	8.0	13.1	4.0	14.0
100-149	10.35343073783913	12.0	8.0	13.3	4.0	14.0
150-199	10.365813033730511	12.0	8.0	13.54	4.0	14.0
200-249	10.38927173338036	12.0	8.0	13.74	4.0	14.0
250-299	10.391199334962339	12.0	8.0	13.6	4.0	14.0
300-349	10.387267551704161	12.0	8.0	13.68	4.0	14.0
350-399	10.394947729047537	12.0	8.0	13.66	4.0	14.0
400-449	10.44325515782049	12.0	8.0	14.0	4.0	14.0
450-499	10.474032294631833	12.0	8.0	14.0	4.0	14.0
500-599	10.503683278759757	12.0	8.0	14.0	4.05	14.0
600-699	10.530543686635863	12.0	8.0	14.0	4.21	14.0
700-799	10.554289083945655	12.0	8.0	14.0	4.59	14.0
800-899	10.5719407142837	12.0	8.0	14.0	4.8	14.0
900-999	10.57951343695729	12.0	8.0	14.0	4.84	14.0
1000-1499	10.616659084155192	12.0	8.0	14.0	4.972	14.0
1500-1999	10.631260008060684	12.0	8.004	14.0	5.0	14.0
2000-2499	10.626711882385603	12.0	8.006	14.0	4.996	14.0
2500-2999	10.614571435272461	12.0	8.004	14.0	4.98	14.0
3000-3499	10.60289370478094	12.0	8.0	14.0	4.946	14.0
3500-3999	10.587593381118525	12.0	8.0	14.0	4.828	14.0
4000-4499	10.585031321772627	12.0	8.0	14.0	4.838	14.0
4500-4999	10.579095969504412	12.0	8.004	14.0	4.804	14.0
5000-5499	10.569789500738198	12.0	8.004	14.0	4.808	14.0
5500-5999	10.554999607056777	12.0	8.0	13.996	4.7	14.0
6000-6499	10.54857413390722	12.0	8.002	13.972	4.696	14.0
6500-6999	10.509918918946267	12.0	8.002	13.9	4.444	14.0
7000-7499	10.50314310539322	12.0	8.002	13.836	4.486	14.0
7500-7999	10.502195067483191	12.0	8.004	13.772	4.488	14.0
8000-8499	10.487125560418622	12.0	8.0	13.656	4.466	14.0
8500-8999	10.472682949091567	11.994	8.0	13.568	4.434	14.0
9000-9499	10.440777488023935	11.982	8.0	13.404	4.322	14.0
9500-9999	10.425846626369216	11.952	8.0	13.316	4.282	14.0
10000-10499	10.408887110020615	11.904	7.99	13.266	4.258	14.0
10500-10999	10.415586233946827	11.884	8.002	13.274	4.28	14.0
11000-11499	10.434144332052664	11.88	8.008	13.346	4.396	14.0
11500-11999	10.417189321697347	11.834	7.982	13.272	4.39	14.0
12000-12499	10.412750640720352	11.784	8.0	13.284	4.374	14.0
12500-12999	10.393497255523242	11.744	7.942	13.29	4.308	14.0
13000-13499	10.366565625523345	11.682	7.89	13.278	4.22	14.0
13500-13999	10.289218597387741	11.464	7.724	13.178	4.162	14.0
14000-14499	10.319825038686503	11.496	7.716	13.25	4.252	14.0
14500-14999	10.288555074978166	11.412	7.628	13.224	4.118	14.002
15000-15499	10.242042291456091	11.411483253588516	7.631578947368421	13.263157894736842	4.086124401913875	14.0
15500-15999	10.121449160396262	0.0	0.0	0.0	0.0	0.0
16000-16499	10.020022387522866	0.0	0.0	0.0	0.0	0.0
16500-16999	9.94612727038184	0.0	0.0	0.0	0.0	0.0
17000-17499	9.763761211011216	0.0	0.0	0.0	0.0	0.0
17500-17999	9.909571428571422	0.0	0.0	0.0	0.0	0.0
18000-18499	10.037800000000006	0.0	0.0	0.0	0.0	0.0
18500-18999	10.466266666666666	0.0	0.0	0.0	0.0	0.0
19000-19499	10.755	0.0	0.0	0.0	0.0	0.0
19500-19999	11.158	0.0	0.0	0.0	0.0	0.0
20000-20254	11.470588235294118	0.0	0.0	0.0	0.0	0.0
>>END_MODULE
>>Per sequence quality scores	fail
#Quality	Count
4	1.0
5	4.0
6	10.0
7	65.0
8	917.0
9	7531.0
10	19931.0
11	11237.0
12	1.0
>>END_MODULE
>>Per base sequence content	fail
#Base	G	A	T	C
1	28.150741869662692	47.1521777464292	11.353502783585661	13.343577600322442
2	32.075471698113205	42.97050154923546	11.393808096329698	13.560218656321638
3	33.05035645010958	41.60767816207774	12.22258608962894	13.119379298183741
4	34.03783661233846	39.82164899110764	12.64831095548782	13.492203441066074
5	32.677532307227246	39.54203088394589	14.20258457817971	13.577852230647153
6	31.349976068720558	38.11874952767212	16.527697307101292	14.003577096506033
7	28.59158122780059	36.93981912990906	19.480061465601935	14.988538176688415
8	26.513338539436234	34.40058442703479	22.30143335768446	16.78464367584452
9	24.70211854800111	32.54402095876262	24.329294405118777	18.424566088117487
10-14	23.473310325717307	28.630878907726025	25.086026651888048	22.809784114668616
15-19	23.6884399324886	26.108270146358663	24.533843867294756	25.669446053857975
20-24	24.087966345063858	25.980300778396355	24.407889764969646	25.523843111570145
25-29	23.77660780411618	25.94402599692672	24.655263621936164	25.624102577020935
30-34	23.770058190795275	25.967201551754542	24.6925460362244	25.570194221225783
35-39	24.019447313399	26.021613723958993	24.744439126382346	25.21449983625967
40-44	24.066302239463937	25.736957452704235	24.633095699926947	25.563644607904877
45-49	24.007859535985087	25.841247449429428	24.693553669043	25.457339345542486
50-59	24.082424364561554	25.758117741894853	24.696576567498806	25.46288132604479
60-69	23.902813814645942	25.936720658991863	24.723782653601027	25.436682872761168
70-79	23.984432072952615	25.66264453233242	24.742927677154444	25.60999571756052
80-89	23.854951255762398	25.71957578658337	24.72302692898708	25.702446028667154
90-99	23.980149633473562	25.737713177318184	24.64972164143386	25.63241554777439
100-149	24.024032042723633	25.638410963045068	24.719600977403832	25.61795601682747
150-199	24.160717434566845	25.66591933899287	24.700153664004837	25.47320956243545
200-249	24.305262362395144	25.51568128573948	24.8288787565811	25.35017759528428
250-299	24.381338640199512	25.479356122628914	24.813159684610927	25.326145552560646
300-349	24.363553920951205	25.589389626420132	24.807768849031415	25.239287603597248
350-399	24.402901982517573	25.44973171776205	24.773307806635263	25.374058493085123
400-449	24.334584477416428	25.5423835554324	24.707307857016904	25.41572411013427
450-499	24.377660780411617	25.54152706753659	24.740559740030733	25.34025241202106
500-599	24.332555673815573	25.593006828559616	24.728424921934362	25.34601257569045
600-699	24.343954058750104	25.55272935602378	24.796529315460322	25.306787269765795
700-799	24.323989339721454	25.566904947808496	24.7635642214468	25.345541491023255
800-899	24.27597816449436	25.643640057482507	24.735489454183206	25.34489232383993
900-999	24.24369024954921	25.61428320862405	24.800399825771137	25.3416267160556
1000-1499	24.28881320007717	25.636368364124802	24.743937213048657	25.33088122274938
1500-1999	24.320171800083656	25.59445684246539	24.729127104185817	25.35624425326513
2000-2499	24.462223855467556	25.503595550145963	24.572436071302302	25.461744523084178
2500-2999	24.51343723576538	25.36984402646963	24.50041192889762	25.61630680886737
3000-3499	24.664671141089066	25.234103829825145	24.384454444419067	25.71677058466672
3500-3999	24.743508467952445	25.220974733718148	24.257435329437467	25.77808146889194
4000-4499	24.80286671267756	25.169550146026104	24.15417548867079	25.873407652625545
4500-4999	24.906834842457368	25.111778425928357	24.128042038677506	25.85334469293677
5000-5499	24.944663438338758	25.07169046424822	24.122089015677002	25.86155708173602
5500-5999	25.003585562890773	25.034731442522833	24.02951947777164	25.93216351681475
6000-6499	24.88194216730235	25.018957207945743	24.143123414390004	25.955977210361908
6500-6999	24.758076513124095	25.07504850125375	24.09232491622511	26.074550069397052
7000-7499	24.72612471729681	25.02788497378252	24.091146030384813	26.154844278535855
7500-7999	24.78979913243783	25.071128169334205	24.05433789144673	26.084734806781235
8000-8499	24.85601491766246	25.020325268937587	24.01378009374785	26.109879719652103
8500-8999	24.83204234152767	24.984794508645408	24.015129329810595	26.16803382001633
9000-9499	24.666560738753727	24.99730506927374	24.046259342686145	26.289874849286388
9500-9999	24.825883052908804	25.024863433399542	24.01195194722244	26.13730156646922
10000-10499	24.656702770708883	25.098471473361833	24.12947234529653	26.115353410632753
10500-10999	24.593279180712894	25.199405815714876	24.001294802144596	26.20602020142763
11000-11499	24.518237234189478	25.330160648829185	24.019654425730167	26.131947691251174
11500-11999	24.626983433912603	25.192464138473063	24.111447652052416	26.069104775561918
12000-12499	24.569831789624537	25.254433081688948	24.107569939556193	26.068165189130323
12500-12999	24.552626467992418	24.94499253865273	24.23229251431423	26.27008847904062
13000-13499	24.644870720120977	25.173825139306672	23.90946299127176	26.27184114930059
13500-13999	24.302298650917724	24.66321193522861	24.403624572983613	26.63086484087005
14000-14499	24.55720049842758	24.89616092090429	24.310211831721354	26.236426748946773
14500-14999	24.54290575351657	24.880784069396853	24.275718290958757	26.300591886127815
15000-15499	23.403986613062788	24.847923551327117	24.51114525668821	27.23694457892189
15500-15999	22.897137332380513	25.070410694018243	24.334776577409727	27.697675396191517
16000-16499	24.997950987623966	25.891320383575117	24.72748135398738	24.38324727481354
16500-16999	24.286805909322464	25.0	26.286296484971984	24.426897605705552
17000-17499	23.07011723070117	25.481088254810885	24.905994249059944	26.542800265428003
17500-17999	23.801967629324025	26.24563630593462	24.404950809266897	25.547445255474454
18000-18499	24.149286498353458	26.67398463227223	24.076106842297843	25.100622027076476
18500-18999	22.41269841269841	27.746031746031747	23.682539682539684	26.158730158730158
19000-19499	18.29268292682927	23.78048780487805	26.371951219512198	31.554878048780488
19500-19999	33.2	19.8	25.0	22.0
20000-20254	42.35294117647059	23.137254901960784	17.254901960784313	17.254901960784313
>>END_MODULE
>>Per base GC content	fail
#Base	%GC
1	41.494319469985136
2	45.63569035443484
3	46.16973574829332
4	47.53004005340454
5	46.2553845378744
6	45.35355316522659
7	43.580119404489004
8	43.29798221528075
9	43.126684636118604
10-14	46.28309444038592
15-19	49.35788598634658
20-24	49.611809456634006
25-29	49.40071038113712
30-34	49.34025241202106
35-39	49.23394714965866
40-44	49.629946847368814
45-49	49.46519888152757
50-59	49.54530569060635
60-69	49.339496687407106
70-79	49.59442779051314
80-89	49.557397284429555
90-99	49.61256518124795
100-149	49.6419880595511
150-199	49.63392699700229
200-249	49.65543995767942
250-299	49.70748419276016
300-349	49.60284152454845
350-399	49.776960475602685
400-449	49.7503085875507
450-499	49.717913192432675
500-599	49.67856824950602
600-699	49.6507413285159
700-799	49.669530830744705
800-899	49.62087048833429
900-999	49.58531696560481
1000-1499	49.61969442282654
1500-1999	49.67641605334879
2000-2499	49.923968378551734
2500-2999	50.12974404463275
3000-3499	50.38144172575579
3500-3999	50.52158993684438
4000-4499	50.67627436530311
4500-4999	50.76017953539414
5000-5499	50.806220520074774
5500-5999	50.93574907970553
6000-6499	50.83791937766426
6500-6999	50.832626582521144
7000-7499	50.88096899583267
7500-7999	50.87453393921907
8000-8499	50.965894637314555
8500-8999	51.000076161543994
9000-9499	50.956435588040115
9500-9999	50.96318461937802
10000-10499	50.77205618134164
10500-10999	50.799299382140525
11000-11499	50.65018492544064
11500-11999	50.696088209474524
12000-12499	50.63799697875486
12500-12999	50.82271494703304
13000-13499	50.91671186942157
13500-13999	50.93316349178778
14000-14499	50.79362724737435
14500-14999	50.84349763964438
15000-15499	50.64093119198467
15500-15999	50.59481272857202
16000-16499	49.3811982624375
16500-16999	48.713703515028016
17000-17499	49.61291749612918
17500-17999	49.349412884798475
18000-18499	49.24990852542993
18500-18999	48.57142857142857
19000-19499	49.84756097560975
19500-19999	55.2
20000-20254	59.6078431372549
>>END_MODULE
>>Per sequence GC content	fail
#GC Content	Count
0	0.0
1	0.0
2	0.0
3	0.0
4	0.0
5	0.0
6	0.0
7	0.0
8	0.0
9	0.0
10	0.0
11	0.0
12	0.0
13	0.0
14	0.0
15	0.0
16	0.0
17	0.0
18	0.0
19	0.0
20	0.0
21	0.14285714285714285
22	0.2361111111111111
23	0.0
24	0.0
25	0.4571428571428571
26	0.2270581963293114
27	0.28572232436256884
28	1.0743609679308128
29	2.0750754296208838
30	5.481494059405993
31	10.787502110921851
32	15.274584442092499
33	24.353002609068703
34	31.548444224859455
35	37.222126993993164
36	49.91339669975667
37	49.61507078246244
38	44.03618559639705
39	40.985768555578446
40	32.700441858099886
41	27.245977992890534
42	20.62113286642115
43	18.11199780326006
44	21.734633191987864
45	28.431621386079044
46	46.183918386866104
47	67.53980583289346
48	92.63175746108527
49	115.8241231275574
50	149.39218622356125
51	186.9847068536798
52	217.7518389604643
53	220.3212978648029
54	196.83935610038932
55	153.83457559472865
56	124.59651750550016
57	89.03153389203496
58	58.45555941359186
59	38.582018784235025
60	22.800473412252725
61	11.320241012727653
62	7.493862559132267
63	4.14558186911128
64	2.250341105539125
65	0.434314341572406
66	0.7092130244498125
67	0.36747674767476746
68	0.08103855232100708
69	0.13852813852813853
70	0.13852813852813853
71	0.14336917562724014
72	0.12519561815336464
73	0.23846649023674987
74	0.3160569105691057
75	0.3474178403755869
76	0.0
77	0.0
78	0.0
79	0.0
80	0.0
81	0.0
82	0.0
83	0.0
84	0.0
85	0.0
86	0.0
87	0.0
88	0.0
89	0.0
90	0.0
91	0.0
92	0.0
93	0.0
94	0.0
95	0.0
96	0.0
97	0.0
98	0.0
99	0.0
100	0.0
>>END_MODULE
>>Per base N content	pass
#Base	N-Count
1	0.0
2	0.0
3	0.0
4	0.0
5	0.0
6	0.0
7	0.0
8	0.0
9	0.0
10-14	0.0
15-19	0.0
20-24	0.0
25-29	0.0
30-34	0.0
35-39	0.0
40-44	0.0
45-49	0.0
50-59	0.0
60-69	0.0
70-79	0.0
80-89	0.0
90-99	0.0
100-149	0.0
150-199	0.0
200-249	0.0
250-299	0.0
300-349	0.0
350-399	0.0
400-449	0.0
450-499	0.0
500-599	0.0
600-699	0.0
700-799	0.0
800-899	0.0
900-999	0.0
1000-1499	0.0
1500-1999	0.0
2000-2499	0.0
2500-2999	0.0
3000-3499	0.0
3500-3999	0.0
4000-4499	0.0
4500-4999	0.0
5000-5499	0.0
5500-5999	0.0
6000-6499	0.0
6500-6999	0.0
7000-7499	0.0
7500-7999	0.0
8000-8499	0.0
8500-8999	0.0
9000-9499	0.0
9500-9999	0.0
10000-10499	0.0
10500-10999	0.0
11000-11499	0.0
11500-11999	0.0
12000-12499	0.0
12500-12999	0.0
13000-13499	0.0
13500-13999	0.0
14000-14499	0.0
14500-14999	0.0
15000-15499	0.0
15500-15999	0.0
16000-16499	0.0
16500-16999	0.0
17000-17499	0.0
17500-17999	0.0
18000-18499	0.0
18500-18999	0.0
19000-19499	0.0
19500-19999	0.0
20000-20254	0.0
>>END_MODULE
>>Sequence Length Distribution	warn
#Length	Count
500-999	4084.0
1000-1499	3815.0
1500-1999	4520.0
2000-2499	4299.0
2500-2999	3794.0
3000-3499	3116.0
3500-3999	2313.0
4000-4499	1835.0
4500-4999	1549.0
5000-5499	1341.0
5500-5999	1125.0
6000-6499	961.0
6500-6999	829.0
7000-7499	808.0
7500-7999	666.0
8000-8499	632.0
8500-8999	561.0
9000-9499	477.0
9500-9999	457.0
10000-10499	414.0
10500-10999	371.0
11000-11499	301.0
11500-11999	246.0
12000-12499	247.0
12500-12999	228.0
13000-13499	196.0
13500-13999	188.0
14000-14499	109.0
14500-14999	90.0
15000-15499	59.0
15500-15999	33.0
16000-16499	14.0
16500-16999	5.0
17000-17499	7.0
17500-17999	1.0
18000-18499	1.0
18500-18999	3.0
19000-19499	1.0
19500-19999	0.0
20000-20255	1.0
>>END_MODULE
>>Sequence Duplication Levels	pass
#Total Duplicate Percentage	0.0
#Duplication Level	Relative count
1	100.0
2	0.0
3	0.0
4	0.0
5	0.0
6	0.0
7	0.0
8	0.0
9	0.0
10++	0.0
>>END_MODULE
>>Overrepresented sequences	pass
>>END_MODULE
>>Kmer Content	fail
#Sequence	Count	Obs/Exp Overall	Obs/Exp Max	Max Obs/Exp Position
TTTTT	561600	4.122789	43.863247	17500-17999
AAAAA	545345	3.3093836	23.51177	1
GAAGA	314565	2.0489988	18.354313	3
AAGAA	317590	1.9967347	13.90197	1
AGAAG	296770	1.9330863	20.238176	19000-19151
TGCTG	275505	1.9239988	14.465192	18000-18499
CTTTT	265015	1.860654	49.57727	18500-18999
TCTTC	275815	1.8520136	6.7735405	18000-18499
TTCTT	263175	1.8477353	5.4308705	16000-16499
AAAGA	291565	1.8331115	38.015118	1
CAGCA	290935	1.8054569	8.169948	18000-18499
AAAAG	286465	1.8010471	20.545387	1
CTTCC	274725	1.7642316	7.335481	16000-16499
TTTTG	240550	1.761203	6.4625144	16000-16499
GCAGC	273030	1.7554126	5.675006	18000-18499
CCTCC	284750	1.748849	9.477921	18500-18999
GAAGG	255675	1.7254298	12.190477	19000-19151
TCCTC	268600	1.7248982	11.023487	18500-18999
GCTGC	257820	1.7219601	5.8290343	16500-16999
CTTTG	245585	1.7196382	6.673563	17500-17999
GAAAG	263575	1.7168623	12.808973	18000-18499
GAGAG	254325	1.7163192	76.85574	2
TCTTT	244330	1.7154258	12.394318	18500-18999
CTGCT	253275	1.6961282	14.058687	18000-18499
AAGAG	259765	1.692045	59.26913	1
GCAAG	260015	1.6826681	7.0303054	19000-19151
TTTTC	239565	1.681971	40.39629	17500-17999
ATTTT	236765	1.6731846	43.913338	17500-17999
AGAGA	256725	1.6722434	105.28238	3
TGTTG	228640	1.6695385	6.8749638	18500-18999
AGCAG	256070	1.6571382	5.7447634	18000-18499
GAGGA	244060	1.6470455	8.055326	2
CTTGC	243505	1.6307007	13.168897	16500-16999
CAAAA	269010	1.6218587	5.6196074	18000-18499
CTCCT	252280	1.6200943	66.50837	18500-18999
TTGCT	231250	1.6192614	5.665577	17000-17499
CTTTC	241115	1.6190137	11.720509	18500-18999
AGAAA	255130	1.6040395	32.556854	18500-18999
GAGAA	243710	1.5874666	17.462088	3
CAAGC	253955	1.5759697	7.7330513	18500-18999
TTTGC	224625	1.5728718	5.115004	16000-16499
CAACA	255055	1.5277324	8.883202	18500-18999
GATGA	224555	1.5194683	6.35557	5
TCTTG	216300	1.5145785	16.996733	19000-19151
TTTCT	215455	1.5126961	545.3499	18000-18499
GCTTT	215935	1.5120227	5.416386	16000-16499
CATCC	244095	1.5089632	24.00877	17500-17999
GGTGG	206680	1.5011457	6.1322055	16000-16499
TCTCC	232840	1.495254	71.258965	18500-18999
AAGGA	228805	1.4903793	13.674446	19000-19151
TTGTT	202660	1.4837888	6.935382	18500-18999
AGGAG	219505	1.4813355	7.9232726	1
TGAAG	218115	1.4758916	9.733192	19000-19151
TTCCT	219610	1.4746141	347.70837	16500-16999
AAAGC	233955	1.4613512	9.560186	17000-17499
CCAAA	243045	1.4557947	29.078606	19000-19151
TTTCC	216740	1.4553429	18.30044	17500-17999
GCCAA	233925	1.4516696	192.81076	19000-19151
CCAAG	233285	1.4476979	13.389636	19000-19151
AAAGG	221600	1.4434475	12.648859	18000-18499
CCAGC	231110	1.4248811	8.186234	18000-18499
AAGAT	217560	1.4209219	9.947207	19000-19151
TTCTC	210340	1.4123689	26.40823	18500-18999
TCCAA	226480	1.4092267	9.53913	18500-18999
TCGAG	209505	1.4084197	7.4596725	17000-17499
AGAGG	207295	1.398936	7.7912188	3
AGATG	205985	1.393813	12.313916	6
GTTGG	191250	1.3927902	5.213564	18000-18499
TTTTA	196765	1.3905103	47.73189	18500-18999
TTTGA	196585	1.3855329	9.252721	17500-17999
GCATC	214490	1.382725	8.633381	19000-19151
AGCTG	205420	1.3809577	5.867158	18000-18499
CATCA	221790	1.380044	26.125187	19000-19151
CCACC	233310	1.3793811	32.802204	19000-19151
CAGCT	213320	1.3751825	5.9968395	18000-18499
GAGCA	210860	1.3645651	8.818716	19000-19151
TTTGT	185860	1.3607866	6.9779305	18500-18999
CTCCC	221550	1.3606937	5.2137194	18500-18999
GGAAA	208535	1.3583454	7.905538	18500-18999
CAAGG	209605	1.3564435	13.771693	19000-19151
TTGGA	192705	1.354564	5.4058666	17500-17999
TTCGA	200405	1.3508469	7.5334325	17000-17499
CCAAC	226700	1.3490676	6.0954	18500-18999
GCAGA	208290	1.3479335	10.258507	19000-19151
GCTGG	193190	1.3455508	6.491975	16500-16999
CACCA	226020	1.3450208	13.2066965	19000-19151
ATCTT	198835	1.3438485	16.665834	19000-19151
GGAGA	199090	1.3435642	26.278852	1
TTGCA	199295	1.3433648	6.2703424	18500-18999
TGTTT	182860	1.3388219	227.48055	17500-17999
TCTGC	199705	1.3373815	6.155875	18500-18999
GTTGA	190035	1.335796	5.3008986	18000-18499
GCTGA	198325	1.333261	13.741503	18000-18499
TTGAT	188785	1.3305584	43.796215	18000-18499
TGCAG	197185	1.3255972	10.87869	18000-18499
CTCCA	214165	1.32394	9.508425	18500-18999
CTGCA	204110	1.3158094	12.676862	19000-19151
TTTAT	186015	1.3145416	45.74306	18500-18999
CTTGT	186990	1.3093436	16.735243	19000-19151
AAGGC	201595	1.3046074	19.521042	18000-18499
ATAAA	206885	1.3041948	6.2576213	18500-18999
GTTTG	178605	1.3041809	189.06151	17500-17999
GTCGA	193865	1.3032781	20.887083	18500-18999
GAGAT	191865	1.2982689	47.79918	4
TCGAT	192535	1.2977986	130.8934	18000-18499
ATCAA	206570	1.2937473	25.604055	19000-19151
CCCCC	219930	1.2918265	5.055366	16000-16499
GTTTT	175315	1.2835807	6.0742464	16000-16499
TGGAG	182705	1.2808466	5.7470846	17500-17999
CTTCA	197025	1.2735323	12.9567795	18000-18499
TCTCT	189330	1.2712932	6.519532	17500-17999
TCGAC	197175	1.2711024	19.636707	18500-18999
CCCTC	206875	1.2705641	8.544273	18500-18999
AGCTC	195675	1.2614326	5.739095	18000-18499
AGCCA	202790	1.2584548	9.359745	18500-18999
CAACC	211375	1.2578701	23.111723	19000-19151
GGCAG	187385	1.2563558	10.737822	19000-19151
TCAAA	200270	1.2542906	14.63089	18500-18999
TCAAC	200705	1.248847	24.785435	19000-19151
GGTTG	171450	1.2485955	5.5053205	18000-18499
TTCAA	191910	1.248583	11.106791	18500-18999
CAGAA	199745	1.2476656	19.603212	19000-19151
CATCG	193175	1.2453161	8.55959	19000-19151
GTTGC	177770	1.2414631	6.535478	18500-18999
TCGTC	185370	1.2413831	45.2323	17000-17499
AAGCC	200035	1.241358	5.8075523	18500-18999
TTGTG	169430	1.2371845	32.41054	18500-18999
AAATT	187915	1.2305875	31.791513	18500-18999
GCGCC	192385	1.2288783	8.002507	17500-17999
ACCAA	204435	1.2245277	13.105848	19000-19151
AGCGC	190295	1.223478	8.254553	17500-17999
GCCGA	189885	1.2208421	8.917867	18500-18999
TCCTG	182015	1.2189155	5.9789824	17000-17499
CCCAA	204465	1.2167493	29.821573	19000-19151
TGCGC	182075	1.2160649	7.4112005	19000-19151
AAACA	201425	1.2143892	27.547092	19000-19151
CGCAA	195665	1.2142394	6.789111	19000-19151
GAGGC	180880	1.2127417	5.5698857	17000-17499
TTGCG	173565	1.2120972	7.804959	19000-19151
GCGCT	181195	1.2101877	5.187841	18500-18999
TGAGA	178730	1.20939	5.1782503	18500-18999
AAAGT	184825	1.207124	7.1958513	18500-18999
ACAAG	192740	1.2039104	8.984806	18500-18999
TTGTC	171905	1.2037152	16.481678	19000-19151
GCCTG	179190	1.1967964	7.573491	18000-18499
CGAAA	191225	1.1944473	5.822154	17000-17499
GCCTC	186275	1.1930321	5.993764	17000-17499
AGCAT	183520	1.1908125	8.76541	19000-19151
ATCCT	183900	1.1886948	11.1572275	18500-18999
TGAGC	176625	1.1873804	9.242073	19000-19151
ATGAA	181675	1.1865507	6.8401012	16500-16999
ATCCA	190465	1.1851305	5.799791	17000-17499
GCAGG	175920	1.1794866	5.031733	17500-17999
CCGAA	189485	1.1758881	6.3010054	17000-17499
TGGCG	168810	1.1757463	11.634363	19000-19151
TTTCG	167805	1.1750062	5.001337	18000-18499
TTTCA	173715	1.1740721	11.666084	18500-18999
GGTGA	167345	1.1731658	19.106535	19000-19151
GAGCG	174880	1.1725137	8.67974	17500-17999
TCCAG	181835	1.172212	6.0088325	17500-17999
TGAGG	167120	1.1715885	49.5033	19000-19151
AAGGG	173565	1.1713082	1048.3811	19000-19151
CTCAA	187780	1.1684235	5.799791	17500-17999
CAATC	187370	1.1658726	5.6528187	18500-18999
AGATC	179615	1.1654739	11.681325	5
AAGGT	172160	1.1649337	12.082584	19000-19151
CTGGC	174085	1.1627003	11.277914	19000-19151
AAGTG	171590	1.1610767	9.556225	19000-19151
GGGGG	160230	1.1606688	10.772647	1
AGAAT	177490	1.1592178	9.457302	4
GCGCA	180210	1.1586379	7.0836954	19000-19151
CAAAC	193295	1.1578012	28.197433	19000-19151
AAAAC	191100	1.1521399	5.6196065	18000-18499
GATTT	163260	1.150658	21.055874	18000-18499
CTCGC	179465	1.1494161	6.58917	16500-16999
TGATC	170435	1.1488316	8.054978	19000-19151
GTTGT	157195	1.1478441	24.13551	18500-18999
GGCGA	171150	1.1475053	8.902297	17500-17999
GAGGG	164075	1.1471736	8.689342	18000-18499
CAAGT	176015	1.1421145	7.0001554	19000-19151
AGGCA	175990	1.1389065	7.978839	18500-18999
TCCCA	184020	1.1375875	40.01462	19000-19151
TCCCC	184935	1.1358153	5.185384	18500-18999
CGCTG	169880	1.1346157	5.8619676	16500-16999
CGCTC	176990	1.1335646	7.2625165	17500-17999
TGTGT	155225	1.1334591	5.560632	18000-18499
GTGTT	154905	1.1311225	283.59222	17500-17999
GATCT	167755	1.1307669	15.986981	19000-19151
TCCAC	182760	1.1297983	35.568546	19000-19151
AGGCG	168445	1.1293691	8.979041	17500-17999
GAGGT	161025	1.1288596	47.350975	19000-19151
GAACA	180195	1.1255506	5.4977846	18500-18999
GACAA	179675	1.1223024	5.98987	17000-17499
CCGAG	174335	1.1208653	6.8646116	18000-18499
CTGAA	172355	1.1183658	15.045107	19000-19151
GTGCT	159995	1.1173308	29.321337	18500-18999
CATTC	172190	1.1130034	6.024902	16500-16999
TCCGC	173600	1.1118526	7.3701086	17500-17999
GGAGC	165740	1.1112329	5.105729	17500-17999
GTCAA	171050	1.109898	10.800239	18500-18999
CTGCG	165975	1.1085343	5.240243	18500-18999
AATGC	170720	1.1077566	6.0481334	17000-17499
CGTTG	157975	1.103224	23.584555	18500-18999
TGTCG	157880	1.1025605	22.1406	18500-18999
ACCTT	170105	1.0995265	23.908344	19000-19151
CGCCA	178335	1.0995032	8.476012	16500-16999
GAAGT	162455	1.099264	9.643897	19000-19151
AAGAC	175325	1.0951312	7.082913	18500-18999
CGCAG	169765	1.091483	6.528111	16500-16999
ACTTG	161830	1.0908288	5.2096868	18000-18499
ACTTT	161275	1.089995	49.997505	18500-18999
ATCAT	167095	1.0871346	5.8762674	18500-18999
TCGCA	167485	1.0797038	6.5886326	16500-16999
GATCC	167020	1.0767062	5.594816	18500-18999
ATGGT	153055	1.0758557	5.27529	17500-17999
GTGAG	153105	1.073337	19.447723	19000-19151
CACCT	173625	1.073327	17.149122	18500-18999
CCAGA	172275	1.0690879	12.359665	17500-17999
GCCAT	165690	1.0681323	10.081936	16500-16999
GAGCC	165630	1.0648975	9.792167	18500-18999
CACCC	180000	1.0642003	31.671091	19000-19151
TGTGC	152105	1.0622306	30.135817	18500-18999
GTGGC	152070	1.0591537	5.755297	16000-16499
GAAAT	161990	1.0579847	32.729523	18500-18999
ATTGC	156950	1.0579348	7.588023	19000-19151
CAGGC	164240	1.0559608	7.990408	18500-18999
ACATC	169160	1.0525645	26.85089	19000-19151
TCACC	170245	1.0524323	13.91813	19000-19151
CCTCA	169890	1.0502378	56.49123	18500-18999
CCCCT	170835	1.0492172	9.541105	18500-18999
GGTTT	143670	1.0490841	5.1562223	18000-18499
ATGAG	154810	1.0475335	6.8258753	18500-18999
GTCCA	162370	1.0467296	38.518154	19000-19151
ATTTG	148435	1.0461712	6.758675	18500-18999
TTATA	153285	1.0427696	34.090797	18000-18499
AATGG	154010	1.0421202	10.107545	17000-17499
GCGGC	156355	1.0414978	10.892639	19000-19151
GCATG	154860	1.041063	5.540341	18500-18999
CATGC	161435	1.040702	22.76073	16000-16499
TGCCG	155805	1.0406097	5.669771	17500-17999
GGCGG	149775	1.0403869	11.479893	19000-19151
ATCTG	154310	1.0401396	15.865865	19000-19151
AGATT	152695	1.0359854	20.666588	18000-18499
CTGAG	153955	1.0349789	17.700918	18500-18999
CCAAT	166220	1.0342709	161.10533	19000-19151
AACAC	172415	1.0327338	7.0761614	18500-18999
TGTCA	153045	1.0316129	15.629064	19000-19151
CGTCG	154175	1.029723	8.300545	19000-19151
GCAGT	153090	1.029164	24.28731	18000-18499
AAGTT	151585	1.0284544	9.538425	18500-18999
GAAAC	164310	1.0263283	7.762872	16500-16999
AGCAC	165320	1.025927	8.101291	18000-18499
TGAAT	150955	1.02418	7.807378	19000-19151
GGGTG	140970	1.0238848	20.148674	19000-19151
TCTGT	145905	1.0216577	7.998462	16500-16999
GAGAC	157835	1.0214176	6.2833343	17000-17499
TGTCC	152150	1.0189159	5.8776436	17000-17499
TCTCA	157325	1.016919	12.55188	18500-18999
ACAGA	162175	1.0129925	11.691073	19000-19151
GACCA	163230	1.0129571	5.93873	18500-18999
ACGAG	156440	1.01239	6.7022243	19000-19151
TGATT	142840	1.0067377	14.406651	18500-18999
CAGAT	155085	1.0063053	6.2416244	18500-18999
AGGCT	149510	1.0050969	10.041868	18000-18499
TCTGG	143785	1.0041276	11.921862	19000-19151
ATCAG	154720	1.0039369	16.390604	18500-18999
CGACC	162830	1.003909	18.41903	18500-18999
GCATT	148910	1.0037407	6.5446706	18500-18999
AATTG	147915	1.0035547	7.6934013	19000-19151
GGGAG	143530	1.0035279	12.997346	1
CCGCT	156675	1.0034535	7.315917	17500-17999
CAGTG	149210	1.0030801	54.96601	19000-19151
ATTGT	142215	1.0023326	32.2031	18500-18999
GGCCA	155700	1.0010539	249.70026	19000-19151
GTGAT	141920	0.99758554	16.93	19000-19151
AAACC	166280	0.9959862	6.3444214	18500-18999
CGTCC	155265	0.9944228	41.45686	17000-17499
CCATT	153705	0.99352014	37.19076	17000-17499
GGATC	147575	0.9920887	12.28652	16500-16999
AACAT	158060	0.98992926	27.798687	19000-19151
ACTGC	153520	0.9896774	12.839386	19000-19151
CCGAT	153360	0.9886461	8.862586	18500-18999
ACCAC	165335	0.98389095	17.119793	18500-18999
GTTCT	140455	0.98349565	7.3999376	18500-18999
CGGCG	147470	0.9823139	8.62334	17000-17499
CGAGT	146045	0.9818031	6.9162536	19000-19151
AGTGA	144730	0.9793265	18.940268	19000-19151
GCACC	158805	0.97909325	7.9815784	18000-18499
GTCCT	145980	0.9775967	7.881386	18000-18499
AGCCG	151870	0.9764292	8.998207	18500-18999
AAGTC	150035	0.9735372	6.9518776	19000-19151
CATTT	144035	0.9734766	6.5214133	18500-18999
GTCTC	145270	0.972842	11.957965	18000-18499
CCTGA	150705	0.9715303	17.26676	18500-18999
ACTTC	150275	0.97134906	77.24233	18000-18499
TCTGA	144055	0.97101504	15.746575	19000-19151
CCGCA	157355	0.97015345	9.483064	17500-17999
CCACA	162980	0.96987665	18.489378	19000-19151
ACACC	162925	0.9695493	13.398101	18500-18999
GACTG	143250	0.96301335	13.563042	19000-19151
AGTGT	136940	0.9625801	17.612663	18500-18999
CGGCA	149385	0.9604524	10.404178	19000-19151
ATGCC	148745	0.9588951	5.4875183	17500-17999
ATCCC	154190	0.9531823	40.86599	19000-19151
CACTT	147455	0.9531212	50.20752	18500-18999
CACTC	154160	0.95299685	6.933941	17500-17999
GTCTG	136450	0.95290333	12.054326	19000-19151
ACCCA	159630	0.94994104	30.815624	19000-19151
AATCC	152475	0.94874525	6.4015355	18500-18999
CCCAC	160335	0.9479364	18.744116	19000-19151
CCGTC	147565	0.94510686	8.02391	19000-19151
CACAG	152145	0.9441669	23.513506	19000-19151
GATTC	140000	0.94368196	13.599315	18500-18999
TTCGT	134600	0.9424976	7.4762244	17500-17999
CGATT	139700	0.9416598	8.21292	17500-17999
AACCT	151225	0.9409674	23.576387	19000-19151
GAACG	145235	0.93987775	5.0774426	17000-17499
ACCGA	151290	0.938861	7.9345984	18000-18499
ACGAA	149990	0.9368814	9.70359	17000-17499
TCATT	138560	0.9364733	12.804241	18500-18999
CCCTG	146045	0.93537164	7.834367	17500-17999
CAGTC	145065	0.9351718	6.008833	16500-16999
CCTGG	139980	0.9349157	7.1556425	18000-18499
TCAGA	144050	0.93470216	36.000797	18500-18999
GCACA	150000	0.93085575	11.901899	19000-19151
ATCCG	144375	0.93072355	24.426147	17500-17999
CTCAT	143750	0.9291728	12.396919	18500-18999
AGGCC	144230	0.9273089	6.718393	18000-18499
GCGAC	144165	0.926891	5.992806	17000-17499
GTGTC	132655	0.92640084	17.220467	18500-18999
ACAAT	147425	0.9233224	5.8611693	17000-17499
AACTC	147455	0.9175093	7.3788695	18000-18499
GTTCC	136990	0.9173926	6.174142	17000-17499
CCCGA	148440	0.9151891	6.301246	17500-17999
CGTTC	136635	0.9150153	94.57663	18500-18999
TGCCC	142855	0.9149407	5.1023827	18500-18999
CAGAC	147155	0.91320044	7.2485237	18000-18499
GACTT	135140	0.91092265	27.556503	18000-18499
ATTCC	140920	0.9108801	6.024902	16500-16999
TGGGC	130685	0.9102091	7.360516	18000-18499
ATGTC	135025	0.9101475	8.054978	18500-18999
AACGC	145635	0.90376765	9.181463	17500-17999
TTGTA	128215	0.9036605	7.820753	16000-16499
CTCAG	139935	0.9021008	5.642096	18000-18499
CACTG	139835	0.9014561	5.891012	18500-18999
CCCAG	146085	0.9006695	56.34055	19000-19151
CGACT	139335	0.89823294	5.135755	18500-18999
AGACC	144660	0.8977172	5.9509487	18500-18999
CACCG	145490	0.89700115	5.92447	18000-18499
GCCAC	145455	0.89678544	5.067669	18000-18499
ACTCC	145030	0.8965564	5.762105	17500-17999
TGCAC	138615	0.8935913	12.518401	19000-19151
TGAGT	126920	0.8921474	18.19975	18500-18999
GCGGT	128055	0.8918914	6.479017	17000-17499
CATGT	132130	0.89063346	7.9732018	18500-18999
GACGC	138380	0.88969696	8.998207	16500-16999
TTTAA	130535	0.88800555	8.6624155	16000-16499
ATTCG	131230	0.8845669	15.176044	17000-17499
GTCCG	132320	0.88375515	11.658069	17000-17499
AGTGC	131220	0.8821405	7.0564475	17500-17999
ACCTG	136610	0.88066596	17.569685	18500-18999
GGCAT	130995	0.88062793	13.136532	18500-18999
GGCCT	131550	0.87861246	9.432438	18000-18499
GAATT	129390	0.87786865	7.749971	19000-19151
GGCCG	131770	0.8777344	8.481974	19000-19151
AGGTC	130310	0.8760229	23.735325	19000-19151
TATAT	128740	0.8757945	33.02546	18000-18499
GGGTT	119925	0.8733614	10.308368	18000-18499
GCGTT	124960	0.8726626	38.74605	16000-16499
AGGGC	129565	0.86869127	520.78436	19000-19151
GTCGT	124295	0.8680185	8.610233	19000-19151
GAGTC	128840	0.8661406	6.197948	17500-17999
CTCAC	139900	0.8648434	53.352825	18500-18999
CCAGT	133540	0.86087507	55.63735	19000-19151
GAATA	131660	0.8598942	12.5261135	17500-17999
ATCGG	127835	0.85938436	8.850459	19000-19151
CCAGG	133605	0.8589968	7.0836954	17500-17999
GGAAC	132185	0.85542554	7.7333345	18000-18499
TCCCG	133230	0.85329574	15.546324	17500-17999
GGTCC	127680	0.85276496	41.502724	19000-19151
GACCG	132190	0.8498991	23.227928	18500-18999
AGGGG	121380	0.8486603	20.114216	19000-19151
TAGAA	129705	0.8471257	23.059433	18000-18499
CGTTT	120865	0.84632236	5.4662857	16000-16499
GGTCT	120770	0.8434016	12.18977	19000-19151
GTCGG	120670	0.84045553	5.2270327	18000-18499
CGGCC	131505	0.84000117	6.9881053	18000-18499
CCGGC	130740	0.83511466	5.363843	18000-18499
GGATT	118805	0.8351053	47.477608	17500-17999
GGGCG	119515	0.83019084	9.223161	17000-17499
TCGTG	118655	0.82863134	8.542437	19000-19151
AGATA	126605	0.82687914	92.23774	19000-19151
ACAGG	127660	0.8261424	19.33334	19000-19151
GGGGA	118115	0.8258322	6.9775224	1
AATAG	126440	0.8258015	126.82689	19000-19151
ACGCT	128065	0.8255801	9.447851	17500-17999
GACAC	133015	0.8254517	6.3424582	17500-17999
TGGTA	117045	0.82273394	5.2625785	17500-17999
TGGGG	113240	0.82247794	5.2973046	16500-16999
ACACT	131930	0.8209082	8.191796	18500-18999
TACAA	131045	0.8207345	8.559713	18000-18499
TATTA	120145	0.8173243	58.71193	17000-17499
TTAAA	124805	0.8173029	5.2985854	16000-16499
TTCTA	120595	0.8150548	349.9825	18000-18499
GCCGT	121925	0.8143278	8.4355135	19000-19151
CGCGG	122250	0.8143207	1034.8008	18500-18999
CCGTT	121520	0.8137934	46.23747	18500-18999
TGACT	120720	0.81372344	19.757494	17500-17999
AGTCC	126210	0.8136216	7.644825	18000-18499
ACTGT	120625	0.81308305	6.1236677	18500-18999
AGTCA	125160	0.8121299	6.9042616	19000-19151
TCACT	125540	0.81146693	5.033336	18500-18999
CAATA	129040	0.8081773	138.99345	19000-19151
ATAGA	123705	0.8079387	112.735	19000-19151
AGGAC	124805	0.8076664	13.404448	19000-19151
TGATA	118795	0.80598503	17.86434	19000-19151
TACTT	119240	0.8058968	87.49563	18000-18499
TCAGG	119360	0.80241036	8.422212	18500-18999
GCCCG	125020	0.7985776	5.422464	18000-18499
ACTGG	118445	0.7962591	5.1193833	18000-18499
TATTG	112900	0.7957202	5.658426	18500-18999
CGGAT	118205	0.7946458	5.2585816	16000-16499
GATAG	117075	0.7921968	6.9614887	17000-17499
GGCCC	123715	0.7902418	5.4522576	18000-18499
ACCCC	133555	0.78960705	12.845617	18500-18999
GCGGG	113420	0.787853	539.55493	18500-18999
TCAGT	116535	0.7855142	5.88285	18000-18499
AGTAG	115750	0.7832311	9.3646755	16500-16999
GCACT	121440	0.78287154	5.925871	18500-18999
GGGCA	116615	0.7818657	14.0752535	18000-18499
GACCC	126510	0.7799822	159.63155	18500-18999
ACGCG	121105	0.7786296	7.185619	18000-18499
ATTAT	114340	0.77783394	12.581127	18500-18999
TGTAG	110020	0.77335376	9.4955225	16500-16999
GTGAC	114920	0.77256197	20.083736	17500-17999
GTAAG	113890	0.77064526	10.9498415	17000-17499
TATCA	118005	0.7677507	16.569145	18500-18999
TGCTA	113775	0.7669101	27.556507	18500-18999
CTGGG	110080	0.7666971	7.4109297	18000-18499
CCCCG	124400	0.76198953	118.94571	18500-18999
GATAT	110765	0.7515041	35.133198	19000-19151
CTATC	116220	0.7512241	8.298764	18500-18999
TATCT	111125	0.7510507	16.934639	19000-19151
CACGA	120725	0.74918365	6.470159	19000-19151
ACTCA	120210	0.74798274	7.350813	18000-18499
TCTAT	109740	0.7416901	8.399581	18500-18999
CTACT	114275	0.73865205	10.91468	18000-18499
ATATC	113530	0.7386361	33.138294	19000-19151
CAGGG	110040	0.73778254	19.65224	19000-19151
GGTAG	105155	0.73718524	57.319607	17500-17999
GGGCC	110270	0.7345205	17.104143	19000-19151
GGACC	114040	0.7332061	199.7602	18500-18999
GATAC	112875	0.73241585	9.739345	18500-18999
ACGGC	113115	0.7272589	6.36179	18500-18999
CTACC	116825	0.7221969	5.191086	18500-18999
GGCAC	112315	0.7221154	5.3411818	18000-18499
CAGTA	110850	0.7192762	6.048134	16500-16999
CTACA	115370	0.7178669	10.319915	18000-18499
GATAA	109645	0.71611047	6.7734733	7
CGGTT	102490	0.7157425	6.476952	17000-17499
CTTAT	105395	0.7123239	23.862446	19000-19151
TCCTA	109895	0.71034056	6.5630755	18500-18999
TAGTA	104375	0.70815	9.759222	18000-18499
TATCC	109430	0.7073347	43.658707	19000-19151
GTATG	100445	0.706049	11.374845	17500-17999
GTCAC	109020	0.70280504	13.625471	19000-19151
CTGTA	104040	0.7012905	6.088065	18500-18999
GGGGT	96350	0.6998035	20.515015	19000-19151
CCTAC	113085	0.6990766	10.2711315	18500-18999
CGATA	107680	0.6987069	8.842301	18500-18999
TACTG	103580	0.69818974	11.259646	18000-18499
GAGTA	103160	0.6980399	6.915689	19000-19151
CGTGA	102575	0.68957144	8.159018	19000-19151
ATCTA	105830	0.6885391	5.493032	18500-18999
CCGTG	102970	0.6877288	14.213264	18500-18999
TATGA	101115	0.686032	10.646423	18500-18999
TACTA	105275	0.68492824	5.2641554	17500-17999
ACCCG	110815	0.6832166	13.48999	18500-18999
ACCGT	105955	0.68304634	22.76073	18500-18999
GGGGC	98265	0.68258125	9.302671	17000-17499
TATCG	101190	0.68207973	61.59689	18000-18499
ATAGC	104845	0.6803113	5.8267174	18000-18499
TAGAT	100190	0.67975616	105.3996	19000-19151
AGCTA	104675	0.6792082	336.0074	17000-17499
ATAGT	99780	0.6769745	6.9341836	17000-17499
TACAG	104215	0.6762234	5.7601266	18500-18999
TTATC	99890	0.67511773	23.332169	19000-19151
CTAAC	107585	0.66942626	27.618057	17500-17999
ATACC	107020	0.6659106	5.340508	17500-17999
TGTAC	98625	0.6647902	6.052874	18500-18999
GCTAT	98435	0.66350955	8.377178	17000-17499
CGTAG	98485	0.66207594	7.0564475	17000-17499
GTACT	98210	0.6619929	16.447338	17500-17999
CCGGT	98805	0.6599111	69.17121	16500-16999
ATAGG	97345	0.65869224	18.771156	16500-16999
AGTAC	101510	0.6586714	9.24791	18000-18499
GGACT	97950	0.65847933	13.741503	19000-19151
TATGC	97650	0.65821815	10.795331	17500-17999
TACCT	101770	0.657822	9.2976885	16000-16499
GTAGG	93530	0.6556886	54.45363	17500-17999
TAATG	95810	0.6500394	5.791187	17000-17499
TCGTA	95645	0.64470327	6.123668	17500-17999
GTACA	98405	0.6385239	5.793231	18500-18999
CTATA	98115	0.6383447	5.710271	17000-17499
TCGGG	91580	0.6378463	9.0924015	19000-19151
CCCGT	99500	0.63726586	27.637909	18500-18999
CGGGC	95225	0.63430417	8.62334	19000-19151
CATAA	100990	0.6325001	7.0503926	18500-18999
TACGA	97465	0.6324244	9.081281	18000-18499
TCATA	97110	0.63180614	5.236881	17000-17499
GCTAG	93225	0.62671506	26.778313	18500-18999
TAGCC	97140	0.6262198	5.135754	17500-17999
ACTAT	96115	0.62533253	7.1177325	18500-18999
TGTTA	88505	0.62378407	22.81053	16000-16499
TTACA	95795	0.62325054	5.945399	18000-18499
GTACG	92070	0.61895037	9.494129	18000-18499
ACATA	98775	0.6186276	7.1018558	18500-18999
CGGGA	92230	0.61837226	347.18958	18500-18999
ACTAC	98660	0.61389214	21.013737	17500-17999
TATGG	87325	0.6138258	8.666548	18500-18999
CTAGC	94745	0.61078036	5.1622276	17500-17999
CTACG	94435	0.60878193	6.461111	18500-18999
TATGT	86295	0.60820794	6.8431587	16500-16999
TTATG	86230	0.6077498	11.172504	18500-18999
TACAC	97500	0.6066743	8.261811	18500-18999
CGTAC	93980	0.6058487	11.645026	17500-17999
GGCTA	89625	0.6025137	9.946231	18000-18499
GTTAT	85415	0.6020057	11.287684	18500-18999
CGGGT	85825	0.5977633	7.41093	18000-18499
TTTAG	84225	0.5936186	26.069176	18000-18499
TCACG	91720	0.59127945	6.766704	19000-19151
CCTTA	91125	0.5890148	23.352339	19000-19151
TATAC	89440	0.58190435	9.565154	17000-17499
CCCGG	90780	0.57986623	5.392994	18000-18499
CATAG	88670	0.575356	5.860594	18000-18499
CTATG	85270	0.57476974	8.343802	18500-18999
TTACC	88390	0.57133615	9.655292	16000-16499
TACCC	91610	0.56632096	5.081221	18500-18999
TTAGT	80110	0.56461596	5.1768575	17500-17999
GGGAC	83505	0.55987394	260.39218	18500-18999
CGGTA	82670	0.55575794	65.27214	16500-16999
CTAGA	85575	0.5552734	25.200558	18500-18999
