##FastQC	0.10.1
>>Basic Statistics	pass
#Measure	Value	
Filename	ec_pacbio.fastq	
File type	Conventional base calls	
Encoding	Sanger / Illumina 1.9	
Total Sequences	56619	
Filtered Sequences	0	
Sequence length	395-15953	
%GC	49	
>>END_MODULE
>>Per base sequence quality	fail
#Base	Mean	Median	Lower Quartile	Upper Quartile	10th Percentile	90th Percentile
1	42.49960260689875	54.0	31.0	60.0	4.0	60.0
2	48.345996926826686	60.0	34.0	60.0	25.0	60.0
3	50.16153588018157	60.0	35.0	60.0	28.0	60.0
4	51.456966742612906	60.0	45.0	60.0	31.0	60.0
5	52.04643317614229	60.0	60.0	60.0	32.0	60.0
6	52.574807043571944	60.0	60.0	60.0	32.0	60.0
7	52.973206874017556	60.0	60.0	60.0	33.0	60.0
8	53.40350412405729	60.0	60.0	60.0	34.0	60.0
9	53.89968031932744	60.0	60.0	60.0	34.0	60.0
10-14	54.85213797488475	60.0	60.0	60.0	35.6	60.0
15-19	56.08755364806866	60.0	60.0	60.0	39.2	60.0
20-24	56.95752309295466	60.0	60.0	60.0	47.6	60.0
25-29	57.573178614952575	60.0	60.0	60.0	59.8	60.0
30-34	58.075727229375296	60.0	60.0	60.0	60.0	60.0
35-39	58.46469912926757	60.0	60.0	60.0	60.0	60.0
40-44	58.70720429537788	60.0	60.0	60.0	60.0	60.0
45-49	58.8867977180805	60.0	60.0	60.0	60.0	60.0
50-59	59.11805401013794	60.0	60.0	60.0	60.0	60.0
60-69	59.329686147759595	60.0	60.0	60.0	60.0	60.0
70-79	59.390293011179985	60.0	60.0	60.0	60.0	60.0
80-89	59.43340574718734	60.0	60.0	60.0	60.0	60.0
90-99	59.47178155742772	60.0	60.0	60.0	60.0	60.0
100-149	59.35869478443634	60.0	60.0	60.0	60.0	60.0
150-199	59.37430933079001	60.0	60.0	60.0	60.0	60.0
200-249	59.35353573888623	60.0	60.0	60.0	60.0	60.0
250-299	59.36791713029197	60.0	60.0	60.0	60.0	60.0
300-349	59.395921863685345	60.0	60.0	60.0	60.0	60.0
350-399	59.37260668139571	60.0	60.0	60.0	60.0	60.0
400-449	59.37280954348529	60.0	60.0	60.0	60.0	60.0
450-499	59.30286962219667	60.0	60.0	60.0	60.0	60.0
500-599	59.18001386541496	60.0	60.0	60.0	60.0	60.0
600-699	59.22160584627787	60.0	60.0	60.0	60.0	60.0
700-799	59.262438110512214	60.0	60.0	60.0	60.0	60.0
800-899	59.2791327412766	60.0	60.0	60.0	60.0	60.0
900-999	59.29967233051652	60.0	60.0	60.0	60.0	60.0
1000-1499	59.350929310949326	60.0	60.0	60.0	60.0	60.0
1500-1999	59.417631906318086	60.0	60.0	60.0	60.0	60.0
2000-2499	59.46827350549475	60.0	60.0	60.0	60.0	60.0
2500-2999	59.497329839636826	60.0	60.0	60.0	60.0	60.0
3000-3499	59.51535868659208	60.0	60.0	60.0	60.0	60.0
3500-3999	59.54986772425757	60.0	60.0	60.0	60.0	60.0
4000-4499	59.566881949996144	60.0	60.0	60.0	60.0	60.0
4500-4999	59.5825228490906	60.0	60.0	60.0	60.0	60.0
5000-5499	59.60052439327343	60.0	60.0	60.0	60.0	60.0
5500-5999	59.601381039470326	60.0	60.0	60.0	60.0	60.0
6000-6499	59.61529540728556	60.0	60.0	60.0	60.0	60.0
6500-6999	59.62163781338573	60.0	60.0	60.0	60.0	60.0
7000-7499	59.6361513088724	60.0	60.0	60.0	60.0	60.0
7500-7999	59.67339800911672	60.0	60.0	60.0	60.0	60.0
8000-8499	59.655409219180314	60.0	60.0	60.0	60.0	60.0
8500-8999	59.668698883810784	60.0	60.0	60.0	60.0	60.0
9000-9499	59.668828628687834	60.0	60.0	60.0	60.0	60.0
9500-9999	59.69101101451418	60.0	60.0	60.0	60.0	60.0
10000-10499	59.65790512525805	60.0	60.0	60.0	60.0	60.0
10500-10999	59.67974240531255	60.0	60.0	60.0	60.0	60.0
11000-11499	59.68464753399793	60.0	60.0	60.0	60.0	60.0
11500-11999	59.638169800308326	60.0	60.0	60.0	60.0	60.0
12000-12499	59.62910997456659	60.0	60.0	60.0	60.0	60.0
12500-12999	59.62235401126055	60.0	60.0	60.0	60.0	60.0
13000-13499	59.696434889228826	60.0	60.0	60.0	60.0	60.0
13500-13999	59.60557125633898	0.0	0.0	0.0	0.0	0.0
14000-14499	59.76043044928231	0.0	0.0	0.0	0.0	0.0
14500-14999	59.613231323818205	0.0	0.0	0.0	0.0	0.0
15000-15499	59.189727272727296	0.0	0.0	0.0	0.0	0.0
15500-15953	59.03175477239357	0.0	0.0	0.0	0.0	0.0
>>END_MODULE
>>Per sequence quality scores	pass
#Quality	Count
42	1.0
43	0.0
44	1.0
45	5.0
46	5.0
47	3.0
48	10.0
49	30.0
50	52.0
51	84.0
52	183.0
53	350.0
54	708.0
55	1356.0
56	2543.0
57	4348.0
58	7540.0
59	29276.0
60	10124.0
>>END_MODULE
>>Per base sequence content	pass
#Base	G	A	T	C
1	23.199603939388584	28.093781494775182	21.680782219707552	27.025832346128688
2	25.15380807580793	26.71133583197794	26.490347217311367	21.644508874902765
3	23.07393202424928	27.53671857049435	25.31327877834532	24.076070626911044
4	23.64728750662661	26.31560346350945	25.209400954232198	24.827708075631737
5	24.273371380108486	26.15686343799141	25.328197607647045	24.241567574253054
6	23.669987282746927	25.953793980500212	25.574042673449206	24.802176063303662
7	24.154862411247308	26.579886255254515	24.933766646649474	24.331484686848707
8	22.872030380641174	25.855338691159584	26.32164620683564	24.950984721363596
9	23.147166878620883	25.150134237671327	26.780415430267063	24.922283453440723
10-14	23.61042915528929	25.602721386409318	25.922053332673944	24.864796125627446
15-19	23.875377523446193	25.393949027711542	25.696321022978154	25.03435242586411
20-24	24.00996132040481	25.493562231759658	25.86128331478832	24.63519313304721
25-29	24.026196523379408	25.621796524792384	25.8026570961281	24.54934985570011
30-34	24.084847842597007	25.716102368462884	25.748600293187803	24.45044949575231
35-39	24.03504124057295	25.994100920185804	25.564209894205124	24.40664794503612
40-44	23.99830445610131	25.946060509722884	25.652519472261964	24.403115561913847
45-49	24.06753916529787	25.77473992829262	25.856691216729367	24.301029689680142
50-59	24.062770448082798	25.79717056111906	25.60536215757961	24.53469683321853
60-69	23.94690828167223	25.915152157402993	25.736060333103726	24.40187922782105
70-79	23.95414966707289	25.864109221286142	25.66117381091153	24.520567300729436
80-89	24.032391953231247	25.897490241791626	25.567212419859057	24.50290538511807
90-99	23.943905756018296	26.326144933679508	25.49992052137975	24.230028788922446
100-149	24.123260650864164	26.09606548204415	25.56758452304249	24.213089344049195
150-199	24.183118741058653	26.125788162984158	25.49886080644307	24.19223228951412
200-249	24.2531027625051	26.05652882694648	25.547864758940918	24.142503651607502
250-299	24.20111453988493	26.1015053635819	25.591604779183196	24.105775317349973
300-349	24.24804394284604	26.123280170967345	25.548349493986116	24.080326392200497
350-399	24.29232086540744	26.04297365119197	25.559354052923688	24.1053514304769
400-449	24.26530801139812	26.09189010832172	25.486727039307688	24.156074840972472
450-499	24.243541256059235	26.065235533301372	25.543138194925337	24.148085015714056
500-599	24.297051354863516	26.088694045878785	25.457363796015255	24.15689080324245
600-699	24.41237588015764	25.990076309644678	25.452449881825483	24.14509792837219
700-799	24.429761014946706	25.924080653893615	25.333730801519437	24.31242752964024
800-899	24.433151633699552	25.875310270444967	25.300053363698026	24.391484732157455
900-999	24.54862726207244	25.769307331586038	25.206109625745636	24.475955780595886
1000-1499	24.799500458096762	25.64637560681977	24.94940129348063	24.604722641602837
1500-1999	25.11151527977712	25.377373356604988	24.654335971476833	24.85677539214106
2000-2499	25.339595873079595	25.09889251104336	24.412219680897763	25.149291934979285
2500-2999	25.445435811318383	24.901131177603194	24.273181628806242	25.380251382272178
3000-3499	25.678519701620235	24.71855739456055	24.124196197197353	25.478726706621863
3500-3999	25.793058146762863	24.651498844950606	23.94079399926665	25.614649009019878
4000-4499	25.940302342556738	24.598318141673982	23.830226594042745	25.631152921726535
4500-4999	26.021543051256657	24.55955156899064	23.78015525267722	25.63875012707549
5000-5499	26.07305497437195	24.432555237173677	23.802065395065576	25.692324393388798
5500-5999	26.20766209261456	24.439223242556775	23.66957725400745	25.683537410821216
6000-6499	25.968210208716393	24.271387095799405	23.79341284655312	25.96698984893108
6500-6999	26.075977644152935	24.362528930971443	23.703319868737868	25.858173556137746
7000-7499	26.036781684377036	24.22807777013728	23.727017902003293	26.00812264348239
7500-7999	26.27854346277551	24.280927533954404	23.65802949176689	25.782499511503193
8000-8499	26.283855789918164	24.303405183680855	23.62239358172642	25.79034544467456
8500-8999	26.137605517033464	24.281636267711786	23.529042307305797	26.051715907948953
9000-9499	26.13489051552287	24.071702443475775	23.596636549133876	26.196770491867483
9500-9999	26.041614288443938	24.09892695877792	23.71979243138872	26.13966632138942
10000-10499	26.20352225667954	24.168743618525777	23.448310851518553	26.179423273276132
10500-10999	25.98734723910679	24.07543668820782	23.65034551154904	26.28687056113635
11000-11499	26.320243737305347	24.37621968218567	23.448265562149032	25.85527101835995
11500-11999	26.190415628020553	24.350740194332808	23.54886300045785	25.90998117718879
12000-12499	26.465927099841522	24.14345129397379	23.780639867425005	25.609981738759686
12500-12999	26.3742994164211	23.67943606633154	24.0492286358121	25.897035881435258
13000-13499	26.31370181943606	23.911356385272054	23.24049323100802	26.53444856428387
13500-13999	26.128224538519767	23.877598555872588	24.069760670820475	25.924416234787167
14000-14499	25.89881242882707	24.244889105796865	23.783959655116316	26.072338810259748
14500-14999	25.788819875776397	23.614906832298136	24.683229813664596	25.91304347826087
15000-15499	25.234117944824096	23.715515059478612	24.120475828904077	26.92989116679322
15500-15953	21.175523349436393	23.027375201288244	23.510466988727856	32.2866344605475
>>END_MODULE
>>Per base GC content	pass
#Base	%GC
1	50.22543628551727
2	46.7983169507107
3	47.15000265116032
4	48.47499558225835
5	48.51493895436153
6	48.472163346050586
7	48.48634709809601
8	47.82301510200477
9	48.069450332061606
10-14	48.47522528091674
15-19	48.909729949310304
20-24	48.64515445345202
25-29	48.57554637907952
30-34	48.53529733834932
35-39	48.44168918560907
40-44	48.40142001801516
45-49	48.36856885497801
50-59	48.597467281301334
60-69	48.34878750949328
70-79	48.47471696780233
80-89	48.53529733834932
90-99	48.17393454494074
100-149	48.336349994913355
150-199	48.37535103057278
200-249	48.3956064141126
250-299	48.3068898572349
300-349	48.328370335046536
350-399	48.39767229588434
400-449	48.42138285237059
450-499	48.39162627177329
500-599	48.45394215810597
600-699	48.557473808529835
700-799	48.742188544586945
800-899	48.824636365857
900-999	49.024583042668326
1000-1499	49.4042230996996
1500-1999	49.968290671918176
2000-2499	50.48888780805888
2500-2999	50.82568719359056
3000-3499	51.157246408242095
3500-3999	51.407707155782745
4000-4499	51.57145526428327
4500-4999	51.66029317833214
5000-5499	51.765379367760744
5500-5999	51.89119950343577
6000-6499	51.93520005764747
6500-6999	51.93415120029069
7000-7499	52.044904327859435
7500-7999	52.061042974278706
8000-8499	52.07420123459272
8500-8999	52.18932142498242
9000-9499	52.33166100739035
9500-9999	52.18128060983336
10000-10499	52.38294552995567
10500-10999	52.274217800243136
11000-11499	52.1755147556653
11500-11999	52.100396805209336
12000-12499	52.0759088386012
12500-12999	52.27133529785636
13000-13499	52.848150383719926
13500-13999	52.05264077330693
14000-14499	51.97115123908682
14500-14999	51.70186335403727
15000-15499	52.16400911161732
15500-15953	53.4621578099839
>>END_MODULE
>>Per sequence GC content	fail
#GC Content	Count
0	0.0
1	0.0
2	0.0
3	0.0
4	0.0
5	0.0
6	0.0
7	0.0
8	0.0
9	0.0
10	0.0
11	0.0
12	0.0
13	0.0
14	0.3333333333333333
15	0.30952380952380953
16	0.0
17	0.49166666666666664
18	0.3666666666666667
19	0.30952380952380953
20	0.1111111111111111
21	0.37896825396825395
22	0.16666666666666666
23	1.1424603174603174
24	1.8941558441558441
25	1.9362914862914864
26	4.032936507936507
27	6.503896103896103
28	12.6813492063492
29	33.5368686868687
30	48.86454220984602
31	73.61087592131072
32	86.92784892031577
33	103.72017090674645
34	121.71806394015749
35	136.06082977566217
36	152.34546607194574
37	137.1482451960825
38	121.21856883663753
39	102.42421789038231
40	88.47099063638771
41	76.26340218895238
42	74.20099163816111
43	75.22075061022846
44	83.7714013517179
45	113.84344316977531
46	147.1995958036859
47	184.9910260486977
48	211.66374303700636
49	263.9611919019948
50	303.8076388230779
51	380.936499284681
52	418.6854311287431
53	425.22323776198544
54	373.16425588617614
55	308.65681262827553
56	248.01997163525672
57	170.09008083728327
58	108.13767745791462
59	58.69711537086125
60	31.192888591433007
61	12.102604384862452
62	5.794516594516595
63	2.4600649350649344
64	1.0544733044733046
65	0.3448773448773449
66	0.0
67	0.16666666666666666
68	0.0
69	0.0
70	0.0
71	0.0
72	0.0
73	0.0
74	0.0
75	0.0
76	0.0
77	0.0
78	0.0
79	0.0
80	0.0
81	0.0
82	0.0
83	0.0
84	0.0
85	0.0
86	0.0
87	0.0
88	0.0
89	0.0
90	0.0
91	0.0
92	0.0
93	0.0
94	0.0
95	0.0
96	0.0
97	0.0
98	0.0
99	0.0
100	0.0
>>END_MODULE
>>Per base N content	pass
#Base	N-Count
1	0.10950387679047668
2	0.09714053586251965
3	0.07064766244546883
4	0.05121955527296491
5	0.03885621434500786
6	0.005298574683410163
7	0.0017661915611367207
8	0.007064766244546883
9	0.005298574683410163
10-14	0.0014129532489093768
15-19	0.0
20-24	0.0
25-29	0.0014129532489093768
30-34	0.0
35-39	0.0
40-44	0.0
45-49	0.0
50-59	0.0
60-69	0.0
70-79	0.0
80-89	0.0
90-99	0.0
100-149	2.1194298733640652E-4
150-199	0.0
200-249	1.766191561136721E-4
250-299	2.1194298733640652E-4
300-349	0.0
350-399	3.532389361149722E-5
400-449	7.065529964206025E-5
450-499	5.681886784144411E-4
500-599	3.740094126948893E-4
600-699	2.2368007405030525E-4
700-799	1.534341746567513E-4
800-899	2.818497233644965E-4
900-999	1.506142425346168E-4
1000-1499	2.630671428660256E-4
1500-1999	1.7359811043191287E-4
2000-2499	2.0609004321296028E-4
2500-2999	1.1987314224932894E-4
3000-3499	5.102832276026485E-5
3500-3999	5.948352157743501E-4
4000-4499	5.2119912282187625E-5
4500-4999	1.9181168695821192E-4
5000-5499	1.5619691745383406E-4
5500-5999	4.7600075588920036E-5
6000-6499	5.8112336958574624E-5
6500-6999	0.0
7000-7499	0.0
7500-7999	0.0
8000-8499	0.0
8500-8999	3.1403780387082996E-4
9000-9499	0.0
9500-9999	0.0
10000-10499	6.341797519088811E-4
10500-10999	0.0
11000-11499	0.0
11500-11999	0.0
12000-12499	0.0
12500-12999	0.0
13000-13499	0.0
13500-13999	0.0
14000-14499	0.0
14500-14999	0.0
15000-15499	0.0
15500-15953	0.0
>>END_MODULE
>>Sequence Length Distribution	warn
#Length	Count
0-499	893.0
500-999	17122.0
1000-1499	9669.0
1500-1999	6883.0
2000-2499	5016.0
2500-2999	3806.0
3000-3499	2791.0
3500-3999	1988.0
4000-4499	1548.0
4500-4999	1235.0
5000-5499	1041.0
5500-5999	825.0
6000-6499	695.0
6500-6999	553.0
7000-7499	442.0
7500-7999	344.0
8000-8499	348.0
8500-8999	283.0
9000-9499	234.0
9500-9999	204.0
10000-10499	136.0
10500-10999	117.0
11000-11499	87.0
11500-11999	85.0
12000-12499	61.0
12500-12999	74.0
13000-13499	47.0
13500-13999	40.0
14000-14499	28.0
14500-14999	12.0
15000-15499	8.0
15500-15954	4.0
>>END_MODULE
>>Sequence Duplication Levels	pass
#Total Duplicate Percentage	3.7796499408325825
#Duplication Level	Relative count
1	100.0
2	1.4629490262302907
3	0.1780502578975385
4	0.01284898768332752
5	0.0018355696690467887
6	0.0
7	0.0
8	0.0
9	0.0
10++	0.011013418014280732
>>END_MODULE
>>Overrepresented sequences	warn
#Sequence	Count	Percentage	Possible Source
AACCCTAACCCTAACCCTAACCCTAACCCTAACCCTAACCCTAACCCTAA	62	0.10950387679047668	No Hit
>>END_MODULE
>>Kmer Content	fail
#Sequence	Count	Obs/Exp Overall	Obs/Exp Max	Max Obs/Exp Position
AAAAA	336865	2.4331563	23.821125	14500-14999
TCTTC	287225	2.343391	7.692874	15500-15949
TGCTG	287775	2.3259041	26.29202	15000-15499
AGAAG	282170	2.120429	5.63584	14500-14999
GCTGC	256615	2.0769057	25.685976	14500-14999
AGCAG	265870	2.0489037	5.776273	14500-14999
TCCTC	236470	1.9319441	20.443739	15500-15949
GAGGA	246730	1.8911861	11.041027	15000-15499
TGTTG	230085	1.8570817	5.1735883	14500-14999
CTTGC	220770	1.7939845	32.041283	15500-15949
TCTTG	220460	1.7890086	75.4223	15500-15949
GATGA	231195	1.7792404	7.4730277	15000-15499
CTTCC	216810	1.7713232	32.21438	15500-15949
CTCTT	215615	1.7591442	19.659565	15500-15949
TGATG	222885	1.75663	15.858575	14500-14999
AAAGA	237420	1.7491652	79.887245	15000-15499
GCTTG	216240	1.7477317	6.7200046	15500-15949
CTCTC	213420	1.7436272	42.52298	15500-15949
CTCCT	212615	1.7370504	19.87055	15500-15949
CTCGA	217120	1.7228012	38.239902	15500-15949
TCGAG	217830	1.7191477	25.67324	14500-14999
CAAGC	220200	1.7061195	7.413075	15500-15949
GATGG	211595	1.660967	12.610019	15000-15499
CCATC	207155	1.6526113	13.658622	15500-15949
TGCTC	198365	1.6119207	28.071566	15500-15949
TCGAC	202715	1.6085006	36.87419	15500-15949
CATCT	200055	1.593781	13.462747	15500-15949
AGATG	207010	1.5931164	12.517322	15000-15499
AGAGA	210935	1.5851179	5.452518	14500-14999
GATGC	200675	1.5837579	8.022887	14500-14999
CTTGA	199670	1.5821664	5.728119	15500-15949
AAAAT	211150	1.561883	6.6532545	14500-14999
CGAAG	202265	1.5587375	7.4832907	14500-14999
GAGAA	206795	1.5540069	5.0403	15000-15499
TCCTT	188925	1.5413877	530.8082	15500-15949
GGAGG	196865	1.5391475	5.2439094	15500-15949
GGTGG	191730	1.5351298	7.0553365	15500-15949
AGCTT	193525	1.533474	5.7924795	15500-15949
ATCGA	196975	1.5240779	15.731179	14500-14999
TGAAG	197575	1.5205061	6.7661195	15500-15949
CCTTG	186490	1.5154241	66.085144	15500-15949
CTGCA	190730	1.5134023	6.257439	15000-15499
TCTCG	185940	1.5109547	40.667786	15500-15949
CCTCT	183400	1.4983658	20.05801	15500-15949
GTTGA	188095	1.4824387	6.449819	15000-15499
CCAAG	191020	1.4800314	6.6546407	15500-15949
AGAGG	193085	1.479997	8.175186	15000-15499
TTCGA	185905	1.4730939	26.780815	14500-14999
TCTCC	178370	1.457271	13.45664	15500-15949
TCGAA	187315	1.4493345	15.370923	14500-14999
TTGCA	182600	1.4469053	9.459278	15000-15499
TGCAA	185010	1.4314997	12.166713	15000-15499
AACAA	192735	1.4276246	8.84244	15500-15949
GGATG	181530	1.4249642	7.6510224	15000-15499
GGAGA	185855	1.4245791	5.9485455	14500-14999
TTGAG	179100	1.411546	10.682512	15000-15499
TTGAT	177800	1.4069383	5.688659	15500-15949
GCTCT	172600	1.4025534	44.056763	15500-15949
TTGTT	172600	1.398709	5.045283	14500-14999
AGGAA	183485	1.3788388	108.64646	15000-15499
CTTGT	169910	1.3788009	140.7883	15500-15949
GAAAA	186865	1.3767068	9.939888	14500-14999
ATGCT	173505	1.3748374	11.85128	15500-15949
CAAAA	185130	1.3712928	8.012805	14500-14999
ATCTC	170970	1.3620691	13.290147	15500-15949
TGGAG	172945	1.3575743	5.8837075	14500-14999
GAGAT	175930	1.3539296	5.563254	14500-14999
TCCAA	172330	1.3405927	7.5539894	15500-15949
GCTCA	168680	1.3384401	9.056819	15500-15949
TTTTG	164625	1.3340815	5.2723203	15500-15949
TGAGC	167845	1.3246584	5.785519	15500-15949
TGGAA	171230	1.3177592	6.750915	15500-15949
TTCCA	164165	1.3078556	15.588443	15500-15949
TAAAA	176350	1.3044662	9.821469	15500-15949
AAAGG	172485	1.296177	15.04336	15000-15499
TTTTA	162715	1.2927506	8.439103	14500-14999
TTGCC	158555	1.2884233	14.685588	15000-15499
CTCTG	157840	1.2826133	5.0350585	15000-15499
TCTCA	160415	1.2779804	41.465263	15000-15499
TCAAA	167455	1.2702664	5.7722583	15500-15949
CAGAG	164520	1.267859	8.287281	15000-15499
CGAGG	161130	1.2665666	12.323065	14500-14999
TTGAA	163020	1.259624	6.839556	15500-15949
TGAGA	163505	1.2583088	5.188527	15000-15499
CTGCC	154355	1.2560166	14.117525	15000-15499
GTGCT	155070	1.2533331	6.7632203	15500-15949
GTCAA	161895	1.2526493	5.922326	15500-15949
AAGGC	162060	1.248901	7.0616965	14500-14999
CAGAA	164975	1.2464387	5.6630225	14500-14999
ACTTG	156485	1.2399725	6.3384924	15000-15499
TTTGA	156340	1.2371246	11.700539	15000-15499
AGCCA	159335	1.2345346	5.6480565	15500-15949
TTGTC	151750	1.2314345	43.098457	15500-15949
GCTCC	149940	1.2200909	9.988815	15500-15949
GGTGA	155405	1.2198898	5.904113	15000-15499
GTGGA	155360	1.2195365	8.171292	15000-15499
GCCTC	149040	1.2127674	6.0159907	14500-14999
ACCTT	152150	1.2121356	6.926269	15500-15949
AGTTG	153785	1.2120302	6.49064	15000-15499
GAGGC	153635	1.207652	5.2586856	15500-15949
TGGAT	152930	1.2052917	7.710686	15000-15499
GATGT	151965	1.1976862	5.2056913	14500-14999
GTGGT	148960	1.1974808	9.487799	15500-15949
TTTGT	146315	1.1857018	6.84717	15500-15949
TGTTC	145825	1.1833537	5.2795606	14500-14999
CGCTG	145440	1.1771142	27.713818	14500-14999
CAATG	151960	1.175778	6.0407724	15000-15499
CATTG	148315	1.1752342	21.937477	15500-15949
ACAAC	154655	1.1747804	5.9009657	15000-15499
GCGCA	148490	1.1735152	5.4553843	15500-15949
GTCTT	144210	1.1702482	81.224014	15500-15949
AAGAC	154370	1.1663146	75.62313	15000-15499
GTTGT	143815	1.160772	5.098245	14500-14999
GGAAA	154415	1.1603858	6.111364	15500-15949
CTGTT	142660	1.1576701	9.262388	15500-15949
TGTCA	145900	1.1560979	6.100955	15500-15949
TGAAA	152730	1.1523412	5.655256	14500-14999
TTGCG	141875	1.1466862	30.931787	15500-15949
GAATG	147790	1.1373686	50.069286	15500-15949
TGACA	146640	1.134615	5.8534617	15500-15949
TTGTG	140395	1.1331681	10.19649	15500-15949
ACGAG	146495	1.1289508	7.1334624	14000-14499
TGCCT	138855	1.1283405	21.007196	15000-15499
ATGCA	145325	1.1244403	8.119318	14500-14999
AAGCC	144625	1.120561	7.3589654	15500-15949
ATGGA	145320	1.1183599	6.337884	15500-15949
CTGTC	137590	1.1180611	6.2938237	15500-15949
AAACA	150570	1.1153004	9.495822	15500-15949
TGTGT	138050	1.114241	15.6752	15500-15949
CCCTT	136345	1.1139295	132.88432	15500-15949
AAGTG	144425	1.1114721	5.7683506	14500-14999
GTGTG	138010	1.1094544	15.382791	15500-15949
CACTT	139060	1.1078513	14.703994	15500-15949
ACCAT	142390	1.107683	13.496461	15500-15949
TCCAT	138685	1.1048638	8.004877	15500-15949
CAGAT	142605	1.1033946	12.744247	15000-15499
ACACA	145205	1.1029968	7.907294	15000-15499
CTGAG	139755	1.1029679	6.1615777	15000-15499
GAGTG	140230	1.1007698	6.128469	15000-15499
AACAC	144735	1.0994266	6.5894113	15000-15499
CTCAG	138495	1.0989286	8.978064	15500-15949
CTGAA	141760	1.0968564	5.0592737	15500-15949
TCCTG	134890	1.0961207	5.825688	15000-15499
ATTCT	137455	1.0935627	6.236203	15000-15499
CACAC	140360	1.0933906	8.174393	15500-15949
GGTGT	135825	1.0918893	21.792288	15000-15499
ACTTC	136765	1.0895677	15.826435	15500-15949
ACTGC	136790	1.0853997	7.536331	15000-15499
CTGAT	136860	1.0844659	9.914052	14500-14999
GCAGT	137170	1.0825665	10.505673	15000-15499
AAGGG	141155	1.0819535	5.8668985	15000-15499
CTGGT	133480	1.0788349	5.6694384	14500-14999
CAAAC	141530	1.075081	5.7465796	15500-15949
GAAGT	139650	1.0747244	6.7207093	15500-15949
TGTTT	132110	1.0705878	9.209293	15500-15949
AAATT	140640	1.0653923	46.938217	15000-15499
ATTGC	133835	1.060496	9.50287	15000-15499
TGTGC	131155	1.0600432	10.177556	15500-15949
CTGTG	131105	1.0596392	9.3621435	15500-15949
AATGC	136280	1.0544553	47.942642	15500-15949
GCAAT	135340	1.0471823	18.305374	15000-15499
AATAA	141535	1.0469387	7.7621293	15000-15499
TGTGA	132360	1.0431727	7.024118	15500-15949
CATGC	131230	1.0412823	8.926317	15500-15949
CCACT	130355	1.0399272	9.227157	15500-15949
GTGAT	131735	1.0382469	5.8938003	15000-15499
CACTG	130830	1.0381085	8.259819	15500-15949
AGTGG	132195	1.0376972	12.256939	15000-15499
AGACA	137275	1.0371565	33.900024	15000-15499
TTATT	130355	1.0356544	7.1790977	15500-15949
TCACA	132870	1.0336248	6.572952	15500-15949
CAGGC	130555	1.031775	8.78923	15500-15949
CAGTG	130235	1.0278345	10.478873	15000-15499
TCTGG	126540	1.0227432	20.224632	15000-15499
TCAGA	131855	1.0202173	37.28872	15000-15499
ATTGA	131880	1.0190113	6.886402	15500-15949
CTCCC	123745	1.0123768	13.306681	15500-15949
TGTCT	124475	1.0101008	87.992676	15500-15949
AGAGT	130680	1.0056927	7.6441655	15000-15499
AACAT	131975	1.0011251	9.772834	15500-15949
CGACC	125725	0.99897134	35.65156	15500-15949
AGTGT	126210	0.9947026	7.828407	15000-15499
TGTGG	123485	0.9926887	6.189525	15500-15949
GAGTT	125280	0.9873728	12.064954	15000-15499
TGGTT	122045	0.9850601	8.173062	14500-14999
GACTG	124570	0.98312545	5.4623914	15500-15949
ACACT	126275	0.9823208	8.130398	15500-15949
ATGTT	123825	0.97983205	5.1482363	14500-14999
TTCAC	122380	0.9749664	6.775369	15500-15949
GTGAA	126655	0.97471696	55.632538	15500-15949
GTCTG	120280	0.97214746	20.621191	15000-15499
TGGAC	122725	0.9685645	7.77977	15000-15499
CCATG	121960	0.9677269	7.942134	15500-15949
CATGG	122380	0.9658417	6.540953	15500-15949
ACAAT	126730	0.96133804	6.6692986	15500-15949
ATTGT	121045	0.95783377	21.450987	15500-15949
CGTCT	117795	0.9572062	14.685588	14000-14499
AAGTT	123105	0.95120853	6.5928836	15500-15949
GTGTC	117495	0.94963807	6.5119553	15000-15499
GACCT	119030	0.94447786	32.77706	15500-15949
CAAAT	124300	0.9429047	5.1950326	15500-15949
GCCGC	116135	0.941226	18.501251	15000-15499
GGGTG	117165	0.9381081	6.057197	15000-15499
GCGGA	118625	0.9324548	6.432794	15500-15949
ATCGT	117535	0.93133634	28.640594	15000-15499
GTTTC	114485	0.9290331	5.0461755	14500-14999
GACAC	119775	0.9280221	25.850723	15500-15949
AGACG	120420	0.9280062	71.625786	15000-15499
CTGAC	116795	0.9267436	6.0202765	15500-15949
TCATG	116840	0.92582923	7.548034	14500-14999
ACGAC	119420	0.9252716	5.170145	14000-14499
GCTAC	116475	0.9242044	5.8998704	15500-15949
ACATG	119115	0.92164254	8.729441	15500-15949
GTTCA	116280	0.92139184	6.783298	15500-15949
TCCCT	112680	0.9205881	18.32887	15500-15949
GAAAC	121820	0.920389	8.511694	15000-15499
AGCCG	115720	0.91453415	11.177608	15000-15499
GAAAT	121010	0.91301525	8.463383	14500-14999
CATGT	115100	0.9120416	12.130135	15500-15949
TACTT	114565	0.91145486	7.963153	15500-15949
TACAA	120150	0.911424	8.057602	15000-15499
ATGTG	115640	0.91139686	11.9246645	15500-15949
AAAAC	122770	0.90938056	14.314246	15500-15949
TGACC	114215	0.9062718	6.883182	15500-15949
TATAT	116660	0.90503603	6.5762863	15000-15499
GCCAC	113895	0.90497386	7.4380956	15500-15949
AGGGT	114915	0.9020536	5.9731674	15000-15499
AAGTA	119550	0.90199965	9.752506	15000-15499
ATATA	119030	0.90168965	6.4424996	15000-15499
TTCCC	109920	0.89803904	37.300858	15500-15949
CTACT	112605	0.89709187	6.219789	15000-15499
CACAT	115260	0.89663273	6.530545	15500-15949
ATGAC	115535	0.8939426	6.734418	15500-15949
CCCAA	114310	0.89046365	6.0696087	15000-15499
ATGCC	111680	0.8861571	5.8663483	14500-14999
CCATT	110905	0.88354844	5.775106	15500-15949
AGGTT	111095	0.87557614	51.276054	14500-14999
ATTCA	112330	0.8726411	5.600256	15500-15949
CGGAA	113095	0.87155664	58.98593	15000-15499
TGAAT	112450	0.86887944	52.91656	15500-15949
GTCCT	106835	0.86814487	20.732595	15500-15949
ACCTG	109175	0.8662806	16.13246	15500-15949
ATTCG	109290	0.86600375	13.933262	14500-14999
TGCTA	109120	0.8646567	5.908661	15500-15949
TGCGG	106900	0.860543	29.92761	15500-15949
TCAGG	108965	0.8599685	8.022887	15500-15949
CCTGA	108360	0.8598137	17.207956	15500-15949
TGAGT	108770	0.8572522	5.603941	15000-15499
AGGAC	110975	0.855219	5.4057193	14500-14999
TGACT	107625	0.85281044	5.513697	15500-15949
ACCGC	107025	0.8503871	15.316969	15000-15499
TGTCC	104395	0.8483173	21.147245	15500-15949
AAACT	111780	0.84793156	15.108004	15500-15949
CCGCA	106635	0.84728825	22.806515	15000-15499
CTATC	106210	0.8461447	8.49698	14500-14999
CTACA	108595	0.84478426	9.709684	15000-15499
ACATT	108530	0.84312075	32.607944	15000-15499
GTGGG	105245	0.842668	10.0176735	15000-15499
TGGGT	104820	0.8426419	5.094301	14500-14999
CCTGT	103520	0.841207	9.440735	15500-15949
TGGTA	106575	0.83995265	6.330378	15500-15949
AGTTC	105505	0.83601177	6.8282213	15500-15949
GACCG	105560	0.8342398	15.348357	15000-15499
GGACA	108100	0.83306295	26.388443	15500-15949
TACCA	106740	0.8303538	13.678844	15500-15949
TATCA	106170	0.82478684	5.7434444	14500-14999
TGATA	106510	0.8229822	5.5242567	15500-15949
ACTGT	103740	0.8220261	13.626363	15500-15949
ATAGA	108900	0.82164586	7.5519414	15000-15499
GACGG	104105	0.8183201	68.18763	15000-15499
TCGTG	100950	0.81591535	28.423807	15000-15499
ACTGA	105250	0.81436324	8.556335	15500-15949
TCAGT	102340	0.8109326	5.6651726	14500-14999
ACAGT	104760	0.810572	6.453818	15000-15499
GGTAG	103060	0.8089948	5.7870345	14500-14999
CTACC	100955	0.80538416	14.2199335	15500-15949
ACTGG	101675	0.8024347	7.899459	15000-15499
AAACC	104430	0.79326445	5.0173187	15000-15499
CAATA	103610	0.7859562	7.9923577	15000-15499
ATACT	100205	0.77844757	6.876506	15000-15499
GATAC	100565	0.7781134	5.7204285	15000-15499
CCCCT	95075	0.7778232	17.451385	15500-15949
TATTG	98245	0.77741647	7.101016	15500-15949
TATCT	97710	0.77736	8.087576	14500-14999
TGGGC	96215	0.77452904	19.397526	15000-15499
ATTCC	97215	0.77448404	12.489535	14500-14999
ATACA	101955	0.77340186	5.5765886	15000-15499
CCCAT	96450	0.7694448	12.506688	15500-15949
AACTG	98970	0.7657723	10.221273	15500-15949
TCCCC	93400	0.7641197	26.2848	15500-15949
GTACT	96045	0.7610516	7.9927235	15500-15949
ATATC	96710	0.75129646	11.686085	14500-14999
AGTAA	99330	0.7494406	7.791685	15000-15499
CGTGC	92585	0.7493339	27.713818	15000-15499
CAGTT	94020	0.74500567	6.5672703	15000-15499
GATAT	95970	0.7415416	5.4940696	15500-15949
TAGCT	92750	0.7349423	5.8252053	15500-15949
GGGGG	91750	0.73167336	9.789274	15000-15499
TATCG	91545	0.725394	29.458895	15000-15499
TACAG	92460	0.71540165	19.486364	15000-15499
TGTAC	90175	0.7145383	8.055167	15500-15949
GTAAA	94495	0.7129607	6.7243314	15000-15499
TAAAG	94480	0.71284753	15.339881	15000-15499
ATTAT	91790	0.71209717	30.589695	15000-15499
CCCTG	87130	0.70899373	7.327436	15500-15949
CCCCC	86455	0.70827293	8.809888	15500-15949
AGGCC	89415	0.70664585	8.714745	15500-15949
GGACC	89250	0.7053419	15.463756	15000-15499
CTGGG	87490	0.70429295	6.072269	15000-15499
CTAGC	87705	0.69592065	5.8663487	15500-15949
AGGTA	90305	0.69497305	14.9460535	15000-15499
CAGGG	88255	0.6937308	5.205162	15500-15949
CTTAT	87140	0.6932674	7.239229	15500-15949
CCTAT	86105	0.68597394	16.719862	15500-15949
AATAC	89750	0.68081814	10.0720005	14500-14999
GTATT	85755	0.67858267	14.922424	15000-15499
ATAGG	88160	0.6784655	20.862202	14000-14499
ATGTA	87500	0.6760956	9.621194	15500-15949
CCTAC	84740	0.67602646	9.816125	15000-15499
GGATA	86770	0.66776824	7.0026965	15000-15499
GGTAT	84280	0.66423845	15.081194	15000-15499
GTGTA	84180	0.6634503	8.581767	15000-15499
TCCTA	83160	0.66251194	9.59844	15500-15949
GGCCG	82120	0.66197234	18.730444	15000-15499
TAGCC	82570	0.65517545	44.890316	14500-14999
AACTA	85855	0.6512718	5.672737	15500-15949
TGTAA	83920	0.6484336	8.043318	15000-15499
ACGGA	84050	0.6477239	62.672554	15000-15499
TATGA	83760	0.6471973	5.4346743	15500-15949
TACAC	83070	0.6462197	9.733025	14500-14999
ACTAG	83490	0.64599705	5.7531166	15500-15949
GCCGG	80100	0.6456891	11.278546	15000-15499
CGGAC	81295	0.6424737	27.79297	15500-15949
TTTAA	82675	0.64138395	5.2303624	15500-15949
TTAAA	84605	0.6409094	10.16188	15500-15949
TATGC	80255	0.6359331	9.288841	15500-15949
CCCCA	79385	0.63417584	12.676595	15500-15949
CTAGA	81065	0.6272338	16.238636	14500-14999
TTATC	78690	0.62604094	30.447346	15000-15499
ATATG	80840	0.62463516	5.4642115	15500-15949
TTAGC	77455	0.61374617	51.553066	14500-14999
GCCTA	75540	0.5993939	20.377844	15000-15499
CTATG	73495	0.5823675	16.496983	15500-15949
GGTAA	74450	0.5729555	6.1623735	15500-15949
CCGGA	70785	0.5594133	10.939787	15000-15499
TTTAG	69365	0.54888797	8.303608	14500-14999
TATGT	69290	0.5482945	8.171803	15500-15949
GCCCC	66350	0.5406442	8.83557	15500-15949
CCCTA	67545	0.5388507	8.439473	15500-15949
CCTTA	66385	0.5288703	10.911911	15500-15949
TATAC	67925	0.52767867	6.9236045	15000-15499
GGGAC	67050	0.5270483	9.470504	15000-15499
CATTA	67815	0.52682424	31.588947	15000-15499
TAAGT	67190	0.51916414	6.2707777	15000-15499
ACTTA	66535	0.51688045	7.118636	15500-15949
TAACC	64020	0.49802557	11.002549	15500-15949
CTAAG	62970	0.4872252	1006.7955	15000-15499
GGCCC	59455	0.4818581	8.861944	15500-15949
TAAAC	63440	0.48123792	5.061826	15500-15949
GTTTA	59735	0.47268537	5.3627467	15500-15949
CTTAA	60300	0.46844357	10.529649	15500-15949
GTAAC	59960	0.46393558	9.543085	15500-15949
GGTTA	57585	0.45384637	18.31288	14500-14999
GTTAC	56385	0.44678947	17.475616	14500-14999
GTTAA	45690	0.3530378	6.283842	13500-13999
>>END_MODULE
