##FastQC	0.10.1
>>Basic Statistics	pass
#Measure	Value	
Filename	corrected.fastq	
File type	Conventional base calls	
Encoding	Sanger / Illumina 1.9	
Total Sequences	43639	
Filtered Sequences	0	
Sequence length	501-14358	
%GC	50	
>>END_MODULE
>>Per base sequence quality	fail
#Base	Mean	Median	Lower Quartile	Upper Quartile	10th Percentile	90th Percentile
1	60.0	60.0	60.0	60.0	60.0	60.0
2	60.0	60.0	60.0	60.0	60.0	60.0
3	59.99951877907377	60.0	60.0	60.0	60.0	60.0
4	59.999495863791566	60.0	60.0	60.0	60.0	60.0
5	59.99887715117212	60.0	60.0	60.0	60.0	60.0
6	59.99940420266275	60.0	60.0	60.0	60.0	60.0
7	59.999289626251745	60.0	60.0	60.0	60.0	60.0
8	59.999152134558535	60.0	60.0	60.0	60.0	60.0
9	59.99892298173652	60.0	60.0	60.0	60.0	60.0
10-14	59.99928962625175	60.0	60.0	60.0	60.0	60.0
15-19	59.999436284057836	60.0	60.0	60.0	60.0	60.0
20-24	59.999679186049185	60.0	60.0	60.0	60.0	60.0
25-29	59.999679186049185	60.0	60.0	60.0	60.0	60.0
30-34	59.99970210133138	60.0	60.0	60.0	60.0	60.0
35-39	59.999729599670026	60.0	60.0	60.0	60.0	60.0
40-44	59.99972501661358	60.0	60.0	60.0	60.0	60.0
45-49	59.99918421595362	60.0	60.0	60.0	60.0	60.0
50-59	59.999587524920365	60.0	60.0	60.0	60.0	60.0
60-69	59.99976626412153	60.0	60.0	60.0	60.0	60.0
70-79	59.99966772840808	60.0	60.0	60.0	60.0	60.0
80-89	59.99992208804051	60.0	60.0	60.0	60.0	60.0
90-99	59.99974105731112	60.0	60.0	60.0	60.0	60.0
100-149	59.99741928091845	60.0	60.0	60.0	60.0	60.0
150-199	59.99647837943127	60.0	60.0	60.0	60.0	60.0
200-249	59.99545085817731	60.0	60.0	60.0	60.0	60.0
250-299	59.994520497719925	60.0	60.0	60.0	60.0	60.0
300-349	59.993380691583205	60.0	60.0	60.0	60.0	60.0
350-399	59.99352734938932	60.0	60.0	60.0	60.0	60.0
400-449	59.99294530122138	60.0	60.0	60.0	60.0	60.0
450-499	59.99442058708953	60.0	60.0	60.0	60.0	60.0
500-599	59.992594157807844	60.0	60.0	60.0	60.0	60.0
600-699	59.99108032168611	60.0	60.0	60.0	60.0	60.0
700-799	59.9901500560689	60.0	60.0	60.0	60.0	60.0
800-899	59.98917292172404	60.0	60.0	60.0	60.0	60.0
900-999	59.98893900991802	60.0	60.0	60.0	60.0	60.0
1000-1499	59.98862939203783	60.0	60.0	60.0	60.0	60.0
1500-1999	59.98849647415288	60.0	60.0	60.0	60.0	60.0
2000-2499	59.988231192821345	60.0	60.0	60.0	60.0	60.0
2500-2999	59.989775064050086	60.0	60.0	60.0	60.0	60.0
3000-3499	59.9882070142813	60.0	60.0	60.0	60.0	60.0
3500-3999	59.985254175963576	60.0	60.0	60.0	60.0	60.0
4000-4499	59.985726027895645	60.0	60.0	60.0	60.0	60.0
4500-4999	59.990117816962155	60.0	60.0	60.0	60.0	60.0
5000-5499	59.9879025223595	60.0	60.0	60.0	60.0	60.0
5500-5999	59.9834017056478	60.0	60.0	60.0	60.0	60.0
6000-6499	59.987616055224535	60.0	60.0	60.0	60.0	60.0
6500-6999	59.98747891314453	60.0	60.0	60.0	60.0	60.0
7000-7499	59.98325672699589	60.0	60.0	60.0	60.0	60.0
7500-7999	59.985956442343074	60.0	60.0	60.0	60.0	60.0
8000-8499	59.97975635958197	60.0	60.0	60.0	60.0	60.0
8500-8999	59.98187327972594	60.0	60.0	60.0	60.0	60.0
9000-9499	59.99519504558766	60.0	60.0	60.0	60.0	60.0
9500-9999	59.98772405635028	60.0	60.0	60.0	60.0	60.0
10000-10499	60.0	0.0	0.0	0.0	0.0	0.0
10500-10999	59.99152	0.0	0.0	0.0	0.0	0.0
11000-11499	59.98405555555556	0.0	0.0	0.0	0.0	0.0
11500-11999	60.0	0.0	0.0	0.0	0.0	0.0
12000-12499	59.99914285714286	0.0	0.0	0.0	0.0	0.0
12500-12999	59.991166666666665	0.0	0.0	0.0	0.0	0.0
13000-13499	60.0	0.0	0.0	0.0	0.0	0.0
13500-13999	60.0	0.0	0.0	0.0	0.0	0.0
14000-14358	60.0	0.0	0.0	0.0	0.0	0.0
>>END_MODULE
>>Per sequence quality scores	pass
#Quality	Count
59	4301.0
60	39338.0
>>END_MODULE
>>Per base sequence content	pass
#Base	G	A	T	C
1	22.264488187172024	24.636219895048008	22.940489012122185	30.158802905657783
2	23.783771397144758	24.89745411214739	26.87045990971379	24.448314580994065
3	24.510185842938657	25.101400123742522	25.268681683814936	25.11973234950388
4	24.400192488370497	24.973074543413002	25.369508925502416	25.25722404271409
5	24.175622722793833	25.303054607117488	24.915786337908752	25.60553633217993
6	24.638511423268177	24.71642338275396	25.000572882055046	25.64449231192282
7	24.748504777836338	24.721006439194298	24.8814134146062	25.64907536836316
8	23.980842824079378	24.7897522857994	25.378675038383097	25.850729851738123
9	24.594972387084944	24.235202456518252	25.55053965489585	25.61928550150095
10-14	24.680675542519307	24.840624212287175	24.90066225165563	25.57803799353789
15-19	24.703590824721005	25.02348816425674	24.751254611700542	25.521666399321706
20-24	24.607804945117902	24.81587570750934	25.094525539082014	25.48179380829075
25-29	24.79341873095167	24.87774696945393	24.878663580741996	25.450170718852405
30-34	24.737963748023557	24.669217901418456	24.798001787392014	25.794816563165973
35-39	24.690758266688054	24.81587570750934	24.97536607163317	25.517999954169433
40-44	24.79433534223974	24.776919727766447	24.910286670180344	25.51845825981347
45-49	24.847040491303652	24.8814134146062	24.76729530924173	25.504250784848416
50-59	24.849102866701802	24.663489080868032	24.829166571186324	25.65824148124384
60-69	24.92495245078943	24.624991406769176	24.949930108389285	25.500126034052112
70-79	24.82802080707624	24.790210591443433	24.995073214326634	25.38669538715369
80-89	24.999656270766973	24.610325626160087	24.998739659478904	25.391278443594032
90-99	24.89745411214739	24.93709755035633	24.929764660051788	25.235683677444488
100-149	24.97884919452783	24.77600311647838	24.912853181786936	25.332294507206853
150-199	25.125507000618715	24.766103714567244	24.846444693966408	25.261944590847634
200-249	25.135406402529846	24.789798116363805	24.871788996081488	25.203006485024865
250-299	25.135727216480667	24.856710740392767	24.86445610577694	25.14310593734962
300-349	25.22179701643026	24.873943032608448	24.866518481175095	25.0377414697862
350-399	25.212493411856368	24.8571690460368	24.822062833703797	25.108274708403034
400-449	25.28623478998144	24.834024611013085	24.76092486078966	25.118815738215815
450-499	25.28311831160201	24.833520474804647	24.78127363138477	25.102087582208576
500-599	25.256714945518137	24.76893314299709	24.802440732219665	25.17191117926511
600-699	25.400721829676144	24.726782177895743	24.68602049738302	25.186475495045098
700-799	25.45001028676962	24.656892374872214	24.606782250617602	25.28631508774056
800-899	25.39880333181028	24.639356002910297	24.64427059758266	25.31757006769676
900-999	25.451910645532514	24.59734133993815	24.56426989456602	25.386478119963314
1000-1499	25.63815693969722	24.552345547920524	24.430822299531307	25.378675212850947
1500-1999	25.878479878127198	24.390705976272166	24.302595395062006	25.42821875053863
2000-2499	25.953525169094522	24.266788346382043	24.221117693943857	25.558568790579578
2500-2999	25.996081604932282	24.179827211346367	24.16803012996635	25.656061053755003
3000-3499	26.11869224757497	24.10021147156627	24.192921832140613	25.588174448718142
3500-3999	26.173491971223328	24.155338563192952	24.05326564024894	25.617903825334775
4000-4499	26.15398745151368	24.027218260854752	23.999443013710604	25.819351273920972
4500-4999	26.355263900194224	24.088095679435206	23.91693732320017	25.639703097170397
5000-5499	26.216404962735833	23.937589341248103	23.93827133550844	25.90773436050762
5500-5999	26.315326727841036	23.993655282300463	23.809199122936082	25.88181886692242
6000-6499	26.12700587369372	23.897285663620508	23.967245291085494	26.008463171600276
6500-6999	26.322197848922045	24.000077307383823	23.911173815989102	25.76655102770503
7000-7499	26.185357534855452	24.248691503161258	23.692637040665453	25.87331392131784
7500-7999	26.286685468674953	24.14929122997155	23.686219934234025	25.877803367119473
8000-8499	26.487102728358487	23.761070869072917	24.14806657256751	25.60375983000109
8500-8999	25.95714749485986	24.303646791472787	24.090466399740286	25.648739313927067
9000-9499	26.58739374796786	23.73697493303606	24.06366606282998	25.6119652561661
9500-9999	25.952408061026983	23.839234885574406	24.160309689172266	26.048047364226345
10000-10499	25.80825318026683	23.63946633571207	24.446168166304684	26.106112317716413
10500-10999	26.135520567142034	23.505893990602587	23.68724754760531	26.671337894650073
11000-11499	26.219849942091745	23.38486328616748	23.958910317740067	26.436376454000705
11500-11999	26.03626943005181	22.91306850892343	25.151122625215887	25.899539435808865
12000-12499	26.420390747810462	22.198517853132717	25.01684257803728	26.364248821019537
12500-12999	29.195501730103807	21.258650519031143	25.346020761245676	24.19982698961938
13000-13499	26.00913937547601	23.57197258187357	22.84843869002285	27.57044935262757
13500-13999	24.922440537745604	26.93898655635988	21.044467425025854	27.094105480868663
14000-14358	24.40828402366864	28.698224852071007	20.562130177514792	26.331360946745562
>>END_MODULE
>>Per base GC content	pass
#Base	%GC
1	52.42329109282981
2	48.23208597813882
3	49.62991819244254
4	49.65741653108458
5	49.78115905497376
6	50.283003735191
7	50.3975801461995
8	49.831572675817505
9	50.2142578885859
10-14	50.2587135360572
15-19	50.22525722404272
20-24	50.08959875340865
25-29	50.24358944980407
30-34	50.532780311189526
35-39	50.20875822085748
40-44	50.312793602053205
45-49	50.35129127615207
50-59	50.50734434794565
60-69	50.42507848484155
70-79	50.214716194229936
80-89	50.390934714361
90-99	50.13313778959188
100-149	50.311143701734686
150-199	50.387451591466345
200-249	50.3384128875547
250-299	50.27883315383029
300-349	50.25953848621646
350-399	50.320768120259395
400-449	50.40505052819726
450-499	50.38520589381058
500-599	50.42862612478325
600-699	50.58719732472123
700-799	50.73632537451018
800-899	50.71637339950704
900-999	50.83838876549582
1000-1499	51.016832152548176
1500-1999	51.30669862866583
2000-2499	51.5120939596741
2500-2999	51.65214265868728
3000-3499	51.70686669629312
3500-3999	51.791395796558106
4000-4499	51.97333872543465
4500-4999	51.99496699736462
5000-5499	52.124139323243455
5500-5999	52.19714559476345
6000-6499	52.135469045294
6500-6999	52.08874887662708
7000-7499	52.058671456173286
7500-7999	52.16448883579443
8000-8499	52.090862558359575
8500-8999	51.60588680878693
9000-9499	52.19935900413396
9500-9999	52.000455425253335
10000-10499	51.91436549798325
10500-10999	52.8068584617921
11000-11499	52.65622639609246
11500-11999	51.93580886586068
12000-12499	52.78463956883
12500-12999	53.39532871972318
13000-13499	53.57958872810358
13500-13999	52.01654601861427
14000-14358	50.7396449704142
>>END_MODULE
>>Per sequence GC content	fail
#GC Content	Count
0	0.0
1	0.0
2	0.0
3	0.0
4	0.0
5	0.0
6	0.0
7	0.0
8	0.0
9	0.0
10	0.0
11	0.0
12	0.0
13	0.0
14	0.0
15	0.0
16	0.0
17	0.0
18	0.0
19	0.0
20	0.0
21	0.16666666666666666
22	0.16666666666666666
23	0.30952380952380953
24	0.3448773448773449
25	0.9523809523809523
26	1.654040404040404
27	3.82593795093795
28	7.250180375180378
29	14.666161616161615
30	21.09103128054741
31	30.754434068885374
32	45.8373072027589
33	54.194002523017886
34	64.80091772056265
35	68.2520520880961
36	70.49831275985602
37	66.24090544002782
38	59.81517869061748
39	47.97002927519094
40	36.292333093213195
41	31.33031398287563
42	23.422730792242977
43	24.437405185949647
44	38.52942959101963
45	63.20380235087653
46	90.9016950719355
47	143.64959217998214
48	199.06960336696247
49	288.3839194392474
50	359.7520635886494
51	422.5369735002315
52	479.9877247803189
53	467.67600830819487
54	432.464784976699
55	365.19104911035504
56	280.8159941669301
57	209.18673576102722
58	132.51034373005555
59	80.19240257860513
60	34.80384842013482
61	16.960212754724946
62	9.379112554112554
63	4.200649350649349
64	1.8687229437229438
65	0.16666666666666666
66	0.16666666666666666
67	0.14285714285714285
68	0.0
69	0.0
70	0.0
71	0.0
72	0.0
73	0.0
74	0.0
75	0.0
76	0.0
77	0.0
78	0.0
79	0.0
80	0.0
81	0.0
82	0.0
83	0.0
84	0.0
85	0.0
86	0.0
87	0.0
88	0.0
89	0.0
90	0.0
91	0.0
92	0.0
93	0.0
94	0.0
95	0.0
96	0.0
97	0.0
98	0.0
99	0.0
100	0.0
>>END_MODULE
>>Per base N content	pass
#Base	N-Count
1	0.0
2	0.0
3	0.0
4	0.0
5	0.0
6	0.0
7	0.0
8	0.0
9	0.0
10-14	0.0
15-19	0.0
20-24	0.0
25-29	0.0
30-34	0.0
35-39	0.0
40-44	0.0
45-49	0.0
50-59	0.0
60-69	0.0
70-79	0.0
80-89	0.0
90-99	0.0
100-149	0.0
150-199	0.0
200-249	0.0
250-299	0.0
300-349	0.0
350-399	0.0
400-449	0.0
450-499	0.0
500-599	0.0
600-699	0.0
700-799	0.0
800-899	0.0
900-999	0.0
1000-1499	0.0
1500-1999	0.0
2000-2499	0.0
2500-2999	0.0
3000-3499	0.0
3500-3999	0.0
4000-4499	0.0
4500-4999	0.0
5000-5499	0.0
5500-5999	0.0
6000-6499	0.0
6500-6999	0.0
7000-7499	0.0
7500-7999	0.0
8000-8499	0.0
8500-8999	0.0
9000-9499	0.0
9500-9999	0.0
10000-10499	0.0
10500-10999	0.0
11000-11499	0.0
11500-11999	0.0
12000-12499	0.0
12500-12999	0.0
13000-13499	0.0
13500-13999	0.0
14000-14358	0.0
>>END_MODULE
>>Sequence Length Distribution	warn
#Length	Count
500-999	19470.0
1000-1499	8063.0
1500-1999	4699.0
2000-2499	3044.0
2500-2999	2207.0
3000-3499	1750.0
3500-3999	1249.0
4000-4499	860.0
4500-4999	594.0
5000-5499	422.0
5500-5999	327.0
6000-6499	247.0
6500-6999	183.0
7000-7499	152.0
7500-7999	83.0
8000-8499	70.0
8500-8999	67.0
9000-9499	47.0
9500-9999	33.0
10000-10499	18.0
10500-10999	10.0
11000-11499	8.0
11500-11999	15.0
12000-12499	8.0
12500-12999	6.0
13000-13499	3.0
13500-13999	2.0
14000-14359	2.0
>>END_MODULE
>>Sequence Duplication Levels	pass
#Total Duplicate Percentage	1.7805174270721145
#Duplication Level	Relative count
1	100.0
2	0.6929214689001914
3	0.051327516214828985
4	0.01633148243199104
5	0.004666137837711726
6	0.004666137837711726
7	0.002333068918855863
8	0.002333068918855863
9	0.004666137837711726
10++	0.006999206756567589
>>END_MODULE
>>Overrepresented sequences	pass
>>END_MODULE
>>Kmer Content	fail
#Sequence	Count	Obs/Exp Overall	Obs/Exp Max	Max Obs/Exp Position
TCTTC	168335	2.4416988	14.959416	12500-12999
GAAGA	168410	2.4111085	11.922655	13000-13095
TGCTG	168100	2.3342288	17.345669	13000-13095
CAGCA	166315	2.3094985	7.4523945	12500-12999
AGAAG	156920	2.2466075	24.122581	13000-13095
GCAGC	155805	2.0828438	7.1216354	12500-12999
AGCAG	150550	2.0827773	11.095767	12500-12999
CTGCT	149375	2.0819862	5.579107	12500-12999
GCTGC	155100	2.0772746	19.02634	12500-12999
AAGAA	137150	2.0396502	12.676061	13000-13095
TTTTT	128085	1.9971153	6.241222	9500-9999
TCCTC	140200	1.9614267	36.858253	12500-12999
GAGGA	142175	1.9595718	5.1829224	12500-12999
GAAGC	139690	1.9325353	10.44081	13000-13095
TCATC	133415	1.9315926	18.163612	12500-12999
GATGA	133115	1.9093376	519.5999	13000-13095
TGTTG	130570	1.8798047	18.964874	13000-13095
TTGCT	129410	1.8700849	18.368004	13000-13095
TCTTG	129350	1.8692178	5.252389	12500-12999
TCGAG	133790	1.8543535	23.909084	13000-13095
CATCA	127550	1.8432511	10.963368	12500-12999
CTCGA	132275	1.8402245	41.997665	12500-12999
CTTGC	131955	1.8391864	5.348614	12000-12499
GCAAG	132325	1.8306445	6.363922	12500-12999
TGATG	127095	1.8263793	40.043545	13000-13095
CTTTG	126340	1.8257208	8.47754	12500-12999
CTCTT	123805	1.7957913	13.136238	12500-12999
GGAAG	130090	1.7930064	21.022661	13000-13095
AAGAG	124495	1.7823821	11.787171	13000-13095
CTCTC	126955	1.7761265	6.374855	12500-12999
CTTCC	126740	1.7731184	14.276081	12500-12999
GAAGG	128630	1.7728835	25.280415	13000-13095
TCTTT	116485	1.7517868	8.151386	12500-12999
TGGTG	126055	1.74386	13.730048	13000-13095
TGCTT	119875	1.7322961	12.820118	12500-12999
CACCA	123265	1.718107	5.6415796	12500-12999
CTCCT	122650	1.7158986	31.092083	12500-12999
GATGG	122125	1.6863563	28.181217	13000-13095
CATCT	116240	1.6829314	9.003849	12500-12999
AGATG	116595	1.6723826	1039.1997	13000-13095
GAGCA	120330	1.6646999	13.921079	12500-12999
TCGAT	114560	1.6524171	38.704926	12500-12999
ATCGA	114745	1.6520137	25.441305	13000-13095
TCAAG	114345	1.6462548	38.63309	13000-13095
GAGAA	114780	1.6432934	13.471051	13000-13095
TGCTC	117870	1.64287	7.4251347	12500-12999
ATCTT	107345	1.6113367	9.255714	12500-12999
GAGCT	116000	1.6077809	66.945435	12500-12999
AGCTC	115305	1.6041359	55.996883	12500-12999
TCTCG	114485	1.5956899	6.046816	12500-12999
CTTCA	108855	1.576011	9.2418375	12500-12999
TGAAG	109820	1.5752053	8.055812	12500-12999
CGATG	113190	1.5688341	14.345452	13000-13095
GACGA	113370	1.5684122	19.653288	12500-12999
TCGTC	112300	1.5652354	5.091521	12500-12999
GTTGA	108395	1.5576568	32.535378	13000-13095
TCTGC	111090	1.5483705	5.5894003	12500-12999
CTTGG	111155	1.5434932	6.4387126	12500-12999
TCAGC	110345	1.5351319	7.4662514	12500-12999
CAAGG	109125	1.5096852	35.797066	13000-13095
CTTTT	100070	1.5049261	5.4207397	12500-12999
CGAGC	111960	1.4967119	14.036846	12500-12999
GCTCG	111390	1.4918609	5.3413396	12500-12999
TGCAA	103470	1.4896846	5.5336523	12500-12999
TTGGC	107065	1.4866996	8.348953	12500-12999
CCTCC	110015	1.4845072	30.361124	12500-12999
CCTCT	106080	1.4840808	6.069472	12500-12999
GCCAA	106850	1.4837501	7.9847083	12000-12499
GGAGG	111485	1.479256	6.629828	12500-12999
CATCC	104075	1.4533279	5.2969656	12500-12999
ATCTC	99570	1.4415821	104.89487	13000-13095
GTTGG	103930	1.4377801	10.894494	13000-13095
CCAAC	102755	1.432232	5.1261053	12500-12999
TTGTT	95550	1.4315872	16.446993	12500-12999
GATCT	99130	1.4298542	116.11477	13000-13095
CTTGT	98850	1.4284669	5.243621	12500-12999
TTTCT	94695	1.4240929	11.005744	12500-12999
CGATC	101555	1.4128445	9.376224	12500-12999
ATGCT	97470	1.4059104	58.057392	12500-12999
GCTCT	100815	1.4051577	12.946389	12500-12999
TTGGA	97410	1.3998002	11.194969	13000-13095
TTCCT	95800	1.3895787	10.153614	12500-12999
GTTGC	99205	1.3775561	17.965158	13000-13095
TCCAA	95065	1.3738037	5.3692393	12500-12999
TGAGC	99110	1.3736825	83.68179	12500-12999
GCTGT	97340	1.3516587	17.051676	13000-13095
TGGAA	94035	1.3487929	22.110634	13000-13095
TTGGT	93095	1.3402805	11.215786	12500-12999
TGATC	92865	1.3394878	7.257174	12500-12999
TTCCA	92425	1.3381362	11.919869	12500-12999
GATCA	92510	1.3318905	8.085995	12500-12999
CGAGG	99920	1.3307718	6.28617	12500-12999
TTGAC	91735	1.3231887	31.66767	13000-13095
TGTCG	94770	1.3159719	7.290209	12500-12999
GAAAA	88345	1.3138381	5.325198	12500-12999
GTCAA	91160	1.3124543	40.11898	13000-13095
TGGCA	94455	1.3091633	9.297977	12500-12999
TTGCC	93880	1.3084975	6.9531975	12000-12499
TGAGA	91180	1.3078421	13.673681	13000-13095
TCTCA	90325	1.3077322	95.35896	13000-13095
ATCAT	86970	1.3030682	11.248995	12500-12999
CAAGT	89335	1.2861793	5.5044513	12500-12999
ATGAT	85705	1.2793214	42.410816	13000-13095
TTCTG	88275	1.2756491	10.264472	12500-12999
TCGGC	94740	1.2688652	5.523776	12500-12999
AAGCG	91705	1.2686889	6.561818	12500-12999
CACCT	90600	1.2651598	7.8427944	12500-12999
GAGGT	91425	1.2624369	9.760323	12500-12999
GATGT	87545	1.2580383	19.644003	13000-13095
GGTGA	90925	1.2555329	13.519368	13000-13095
AAGGC	90495	1.2519492	15.186633	13000-13095
AGTTG	86980	1.249919	11.441012	13000-13095
CAACT	86225	1.2460551	5.261315	12500-12999
ACATC	86215	1.2459106	5.5396914	12500-12999
TCACC	89175	1.245261	5.715935	12500-12999
GGTTG	89445	1.2373929	32.332047	13000-13095
AAGGT	85955	1.2328973	25.979994	13000-13095
ATCCA	85070	1.2293639	5.424879	12500-12999
CAGCC	91195	1.2236874	7.044719	12500-12999
TGGAT	84885	1.2198136	148.73317	13000-13095
GGCTG	90605	1.2089552	20.14003	12500-12999
TCCAC	86570	1.2088841	11.8561	12500-12999
GTGGA	87375	1.2065128	16.136019	13000-13095
CGTTG	86835	1.2057868	7.2770257	12500-12999
CTGCC	89350	1.2011598	9.018324	12500-12999
TGACA	82760	1.1915174	30.679218	13000-13095
GGCGA	89450	1.1913284	14.1901045	13000-13095
TTTGT	79460	1.1905171	5.3737693	12500-12999
CAATG	82075	1.1816552	7.450668	12000-12499
CCTGC	87645	1.1782389	6.625706	12500-12999
GAATG	82095	1.1775311	86.599976	12500-12999
GCTCC	87590	1.1774997	40.582455	12500-12999
ATGGA	80880	1.1601039	173.19997	13000-13095
CTGGA	83570	1.1582953	5.0973682	12500-12999
ACCAT	80010	1.1562408	5.784539	12500-12999
TTTCC	79680	1.1557581	7.9916277	12500-12999
ATCTG	79755	1.1503887	6.9668875	12500-12999
ATCAG	79680	1.1471738	7.902223	12500-12999
GACAG	82885	1.1466688	28.637648	13000-13095
ATGGT	79685	1.1450886	14.460169	13000-13095
ACACA	79190	1.1422669	8.782004	11500-11999
CTCAT	78840	1.1414515	87.41238	13000-13095
TGGTC	81595	1.1330243	10.479675	12500-12999
TGCCT	80845	1.1268162	9.097463	12500-12999
TGTGT	78100	1.1243988	8.344545	12500-12999
GGATC	80180	1.1113093	125.52269	13000-13095
TGCGC	82935	1.1107593	60.64646	13000-13095
GAAGT	77380	1.1099015	6.454657	12500-12999
CTGAA	77055	1.109381	13.372993	12500-12999
AAGTG	77325	1.1091126	7.697776	12500-12999
AGGCG	83065	1.1062906	14.4018955	13000-13095
GCGAT	79340	1.0996667	14.553356	13000-13095
ACTTC	75780	1.0971485	5.167234	12500-12999
CTGAG	79095	1.096271	111.57572	12500-12999
AGCCT	78780	1.095996	6.0355926	12500-12999
GCGCA	81865	1.0943935	56.973076	13000-13095
CGAGT	78470	1.0876086	46.706123	13000-13095
GCACC	80955	1.0862834	51.166912	13000-13095
GCAGT	78090	1.0823417	12.874125	12500-12999
CTCGG	80775	1.0818301	6.7619743	12500-12999
GTGAG	77965	1.0765754	13.339109	13000-13095
CCGAG	80350	1.0741405	44.02465	13000-13095
ACTGC	76915	1.07005	13.26242	12000-12499
GTGAT	73865	1.061454	8.373716	12500-12999
TCTGA	73325	1.0576422	6.8302817	12500-12999
TGTCT	73070	1.0559238	8.309335	12500-12999
AAGTC	73160	1.0533036	5.489966	12500-12999
CATGC	75580	1.0514773	71.995995	13000-13095
CTGTG	75385	1.0467926	16.76748	13000-13095
AATGC	72630	1.045673	69.539566	12500-12999
GTTCT	72300	1.0447967	22.760351	13000-13095
CGGTG	77405	1.0328255	32.22404	12500-12999
ACTCT	71255	1.0316353	5.2578874	12500-12999
CACTG	73945	1.028731	167.99065	12500-12999
TGACG	74045	1.0262771	41.840897	12500-12999
AGAGT	71495	1.0254899	11.676402	13000-13095
GAGTT	70945	1.0194931	23.13627	13000-13095
CACCG	75730	1.0161723	48.608562	13000-13095
ACGAT	70560	1.0158707	19.316545	12500-12999
GTGCA	73105	1.0132486	6.35558	12000-12499
AACTC	70050	1.0123069	5.261315	12500-12999
ATGTT	67595	1.010869	20.064571	13000-13095
ATCGT	70045	1.0103313	5.277944	12500-12999
AACTT	67180	1.0065553	5.400636	12500-12999
CCACT	71850	1.0033305	9.239456	12500-12999
GCCTG	74505	0.9978552	8.689642	12500-12999
AATCT	66570	0.9974157	6.65968	12500-12999
GACTG	71870	0.9961312	5.1233754	12500-12999
TTCAC	68720	0.9949334	5.9939923	12500-12999
AGATT	66610	0.99428964	15.020497	12500-12999
TCGGT	71555	0.9936094	11.766653	12500-12999
ACCGA	71520	0.9931474	47.90824	13000-13095
CCACA	71215	0.9926174	5.4586096	12500-12999
CTCCC	72530	0.9786967	36.208458	12500-12999
CCATG	70290	0.97788227	27.998442	12500-12999
AGTGA	68165	0.97772604	5.5870957	12500-12999
AATTT	62860	0.97648513	12.101846	12500-12999
GTGTC	70250	0.97548825	7.307861	12500-12999
TGTGG	70335	0.9730229	16.43104	13000-13095
AAATT	62680	0.97188175	280.8457	12000-12499
AATGA	64905	0.9670409	7.49631	12000-12499
TCATG	66715	0.96229935	80.38716	13000-13095
CATGA	66675	0.95993733	5.340069	12500-12999
TCCCA	68530	0.9569692	33.72402	12500-12999
GTCGG	70885	0.9458282	9.431426	12500-12999
ATGCG	68010	0.9426309	66.945435	13000-13095
CACAT	65130	0.9412069	5.598939	12500-12999
GATTC	65225	0.94080746	13.933773	12500-12999
ATGAC	65280	0.9398532	46.359707	12500-12999
GTTTC	65035	0.9398113	5.91512	12500-12999
TCCGC	69635	0.936125	11.594988	12500-12999
ATGTG	64590	0.92817056	14.460169	12000-12499
GAGTC	66720	0.9247513	41.840897	13000-13095
ATCGG	66570	0.9226722	5.1496487	12000-12499
TTCCG	66185	0.92248535	12.466892	12500-12999
CCGAT	66070	0.9191731	8.12858	12000-12499
CGTTC	65735	0.9162133	10.098183	12000-12499
CGCCG	70810	0.91470927	10.398946	12500-12999
ATTTC	60550	0.9089052	11.3286085	12500-12999
CCGCC	69950	0.9069854	10.797834	12500-12999
GTAGA	62315	0.8938164	5.450349	12500-12999
AGGTT	62170	0.8933947	34.704403	13000-13095
TTATT	57335	0.89231443	14.643696	11500-11999
TCTAC	61625	0.8922115	5.4490833	11500-11999
AGTCA	61755	0.88910276	41.723736	13000-13095
TGAAT	58735	0.8767393	7.2582273	12500-12999
GCCGC	67645	0.8738245	5.977496	12000-12499
ACCTG	61665	0.8578903	8.399532	12500-12999
GAACT	59485	0.85642105	5.254879	12500-12999
AGTAG	59590	0.85473025	8.448778	12500-12999
CCTGA	61385	0.8539949	8.194666	12500-12999
AGTTC	59205	0.85397476	23.222956	13000-13095
CGGAG	63455	0.8451173	17.869019	12500-12999
TTCTA	55625	0.8349769	23.139284	13000-13095
TATCA	55350	0.8293069	51.691803	11500-11999
ACTGA	57125	0.8224435	173.84889	12500-12999
ACTGT	56980	0.82188123	116.11477	12500-12999
ACAGT	56465	0.8129413	28.974817	13000-13095
CGCAC	60145	0.8070473	54.009518	13000-13095
GTATC	55790	0.80471677	26.795721	13000-13095
GGTTT	54710	0.78765506	5.960389	12500-12999
GGCAC	58045	0.7759614	8.725607	12500-12999
GGAGT	55935	0.7723752	17.551458	12500-12999
TCTAT	51195	0.76847905	22.657217	13000-13095
ATTCC	52970	0.7669037	13.448058	12500-12999
GTGCC	56885	0.76186824	7.701138	12000-12499
TATCG	52505	0.75733376	26.125824	13000-13095
ATGGG	54760	0.7561504	27.78981	12500-12999
AGTAT	50030	0.7467994	28.459888	13000-13095
CCTGG	55185	0.7390998	8.293532	12500-12999
TACTA	48560	0.7275726	15.507542	11000-11499
GCCGT	54235	0.7263764	10.4338	12500-12999
CAGTA	50250	0.7234624	28.191715	13000-13095
CTCTA	49705	0.7196328	262.23715	12000-12499
GGGCT	52525	0.7008483	21.482697	12500-12999
TAGAT	46645	0.6962715	15.673564	12500-12999
GAGTA	48395	0.6941546	8.471738	12500-12999
GTATG	48250	0.6933617	20.021772	12000-12499
ACGGA	49370	0.6830071	19.65329	12500-12999
AGTAA	45770	0.6819422	12.850816	12500-12999
AGGTA	47375	0.67952424	12.829626	13000-13095
GACCC	49695	0.66682535	6.07607	12000-12499
CCGTT	47690	0.6647023	10.518939	12500-12999
ACTAT	43720	0.65505505	7.3845434	11000-11499
TCGGG	48780	0.65087813	6.0044794	12000-12499
GTAAG	45235	0.6488291	12.52048	13000-13095
CTTAT	43185	0.64824235	155.36377	11500-11999
ACGTT	44535	0.6423743	10.88576	12000-12499
GCGGG	49180	0.6305632	8.294027	12000-12499
TTATC	41855	0.6282779	77.681885	11500-11999
TAGGA	43725	0.6271704	5.5276585	12000-12499
TATGA	41760	0.6233529	21.629517	13000-13095
CGGTT	44805	0.62216014	5.815311	12500-12999
TCCTA	41885	0.60641426	32.779644	12000-12499
TGGGG	45065	0.599064	24.6952	12500-12999
TAAGA	39725	0.5918758	12.850816	13000-13095
TGTAA	39545	0.59028953	5.113361	12500-12999
CTAGT	40255	0.58063936	26.125824	12000-12499
GGTAA	40350	0.57876104	12.673169	13000-13095
TAATT	37185	0.5776424	12.505241	12500-12999
CTATG	39225	0.56578267	21.327206	13000-13095
TATGG	38705	0.55619824	65.070755	12000-12499
ATTAG	37195	0.555211	6.008199	12000-12499
TATGT	35850	0.53612924	5.763228	12000-12499
TATAC	34025	0.50979525	13.484819	11000-11499
GTTAT	33480	0.50068635	15.478384	11500-11999
GTAAT	32760	0.48900962	12.430757	12500-12999
GGGGC	35775	0.45869058	22.117407	12500-12999
TTAGG	27675	0.397695	5.6583266	12000-12499
CCTAG	27870	0.3877305	27.998442	12000-12499
CGTTA	24020	0.34646526	16.587826	11500-11999
>>END_MODULE
