##FastQC	0.10.1
>>Basic Statistics	pass
#Measure	Value	
Filename	440_A_CGTACG_L003.1.fastq	
File type	Conventional base calls	
Encoding	Sanger / Illumina 1.9	
Total Sequences	42264242	
Filtered Sequences	0	
Sequence length	101	
%GC	49	
>>END_MODULE
>>Per base sequence quality	pass
#Base	Mean	Median	Lower Quartile	Upper Quartile	10th Percentile	90th Percentile
1	32.42642006923962	34.0	31.0	34.0	31.0	34.0
2	32.637513101500794	34.0	31.0	34.0	31.0	34.0
3	32.71016222176657	34.0	31.0	34.0	31.0	34.0
4	36.181410801121196	37.0	37.0	37.0	35.0	37.0
5	36.08496255534406	37.0	35.0	37.0	35.0	37.0
6	36.08028628550821	37.0	36.0	37.0	35.0	37.0
7	36.06310923546198	37.0	36.0	37.0	35.0	37.0
8	36.05424486259567	37.0	35.0	37.0	35.0	37.0
9	37.79019351630629	39.0	38.0	39.0	35.0	39.0
10-14	38.01705539637976	39.4	38.2	39.4	35.2	39.4
15-19	39.03085192915562	40.2	38.2	41.0	35.6	41.0
20-24	38.8248014858518	40.0	38.0	41.0	34.8	41.0
25-29	38.43004395536066	40.0	38.0	41.0	34.0	41.0
30-34	37.920771743640884	40.0	37.6	41.0	32.8	41.0
35-39	37.69855172606669	40.0	37.0	41.0	32.4	41.0
40-44	37.594419670415476	40.0	37.0	41.0	32.0	41.0
45-49	37.3086442813762	39.4	36.2	41.0	31.8	41.0
50-54	36.49447455369009	38.6	35.0	40.4	30.8	41.0
55-59	35.45691719255252	37.0	34.4	39.8	29.4	41.0
60-64	34.34901291734985	35.4	33.6	38.6	28.0	40.6
65-69	33.26824255359885	35.0	33.0	36.8	26.4	39.6
70-74	32.26406716107674	35.0	31.8	35.4	25.2	38.2
75-79	31.25809594313794	33.8	30.8	35.0	23.8	36.2
80-84	31.108650532523455	34.0	31.0	35.0	23.2	35.8
85-89	30.363305798788492	34.0	30.6	35.0	19.4	35.0
90-94	29.435907219157038	34.0	29.4	35.0	11.2	35.0
95-99	28.222493582163377	33.2	28.6	35.0	2.0	35.0
100-101	25.791726490682123	31.5	23.0	34.5	2.0	35.0
>>END_MODULE
>>Per sequence quality scores	pass
#Quality	Count
2	3034.0
3	824.0
4	2195.0
5	3897.0
6	6826.0
7	12633.0
8	22492.0
9	33858.0
10	45437.0
11	56182.0
12	66581.0
13	77555.0
14	89973.0
15	103589.0
16	118203.0
17	131201.0
18	146136.0
19	160931.0
20	175869.0
21	191402.0
22	215558.0
23	249083.0
24	298682.0
25	362844.0
26	449497.0
27	549063.0
28	669444.0
29	819357.0
30	1006726.0
31	1248682.0
32	1587194.0
33	2094204.0
34	2954542.0
35	4656134.0
36	8131426.0
37	1.00934E7
38	4723479.0
39	704773.0
40	1336.0
>>END_MODULE
>>Per base sequence content	warn
#Base	G	A	T	C
1	17.94642210216302	31.75234455479713	16.552161934064678	33.749071408975176
2	23.939799865102803	27.658378923327653	33.199646009608244	15.202175201961305
3	20.624602707887203	29.323679814250543	26.483898611029154	23.5678188668331
4	23.20821523980534	26.45913060069973	25.735565804997982	24.597088354496943
5	25.124100757809753	26.163339165138677	25.4774683166207	23.23509176043087
6	23.727220551078567	25.40335083619476	25.060518803447945	25.80890980927873
7	25.46569509042656	25.76458605361951	25.079349583508442	23.690369272445487
8	21.568423737245983	24.446171725976594	28.67771940190841	25.30768513486902
9	23.202248844601122	22.964059031342654	28.638917313266038	25.194774810790182
10-14	24.332213196587134	25.093106610242216	25.700495111877824	24.874185081292826
15-19	24.691592575000268	25.183467234452184	25.016626355818154	25.108313834729394
20-24	24.656877702187753	25.11362768066946	25.242301603461897	24.98719301368089
25-29	24.780226353063746	24.975945416655744	25.227608618396673	25.016219611883834
30-34	24.876452153139972	24.95844943632511	25.030200963384075	25.134897447150838
35-39	24.931018697720816	25.033532140369953	24.995080488732253	25.040368673176978
40-44	24.94584476799762	25.043292713071892	25.00275372805843	25.008108790872065
45-49	24.9631243397965	24.949969308950536	24.980118739131324	25.10678761212164
50-54	24.994260818721088	24.94261907121232	25.001836083720498	25.061284026346097
55-59	25.040852186679835	24.978819689510793	24.932434684132343	25.047893439677026
60-64	25.04030134938841	24.92336331777045	24.92777860084805	25.108556731993087
65-69	25.085347503485067	24.98715701187668	24.92159316160444	25.005902323033812
70-74	25.126367730456618	25.02053344096963	24.854865053173526	24.998233775400227
75-79	25.10226543931528	24.99580874013258	24.84750688103712	25.054418939515017
80-84	25.097420937810593	24.998722538420974	24.916692421749623	24.987164102018806
85-89	25.167756330721236	25.032440727033446	24.842075640944515	24.957727301300807
90-94	25.188443276982436	24.991982521561017	24.807013840148198	25.012560361308346
95-99	25.21913685371193	25.020302428818415	24.835481378854386	24.92507933861527
100-101	25.407243988547524	25.032446616493353	24.66023773356057	24.900071661398552
>>END_MODULE
>>Per base GC content	warn
#Base	%GC
1	51.69549351113819
2	39.1419750670641
3	44.192421574720306
4	47.80530359430229
5	48.35919251824062
6	49.5361303603573
7	49.15606436287205
8	46.876108872115
9	48.39702365539131
10-14	49.206398277879956
15-19	49.79990640972966
20-24	49.644070715868644
25-29	49.79644596494758
30-34	50.011349600290814
35-39	49.97138737089779
40-44	49.95395355886968
45-49	50.069911951918144
50-54	50.05554484506719
55-59	50.08874562635687
60-64	50.1488580813815
65-69	50.09124982651888
70-74	50.124601505856845
75-79	50.1566843788303
80-84	50.0845850398294
85-89	50.12548363202204
90-94	50.201003638290786
95-99	50.14421619232719
100-101	50.30731564994607
>>END_MODULE
>>Per sequence GC content	fail
#GC Content	Count
0	247.0
1	315.0
2	434.5
3	611.0
4	770.5
5	1362.0
6	1547.0
7	1062.5
8	942.5
9	1149.0
10	1798.5
11	2585.0
12	3496.0
13	4841.5
14	5497.5
15	6054.0
16	8999.0
17	14375.0
18	19918.0
19	25714.5
20	33177.0
21	42714.5
22	52386.5
23	64719.5
24	84075.0
25	105906.5
26	128381.5
27	155955.0
28	185967.0
29	208467.5
30	238044.5
31	269443.5
32	290382.0
33	312610.0
34	337317.0
35	352351.5
36	366131.5
37	388667.5
38	413571.0
39	446427.5
40	500370.0
41	578161.0
42	670440.5
43	791321.0
44	945937.5
45	1125687.5
46	1341623.5
47	1581823.5
48	1821016.0
49	2055836.5
50	2273277.0
51	2454981.0
52	2583144.5
53	2637287.5
54	2611204.0
55	2502246.0
56	2305215.0
57	2036019.5
58	1727254.0
59	1410945.5
60	1106474.0
61	830505.0
62	598086.0
63	415061.5
64	279976.5
65	183877.5
66	117732.5
67	74419.5
68	46142.5
69	28127.0
70	17718.0
71	11353.5
72	7255.0
73	4730.0
74	3154.5
75	2160.0
76	1542.0
77	1076.0
78	722.5
79	526.0
80	396.5
81	293.0
82	230.0
83	167.5
84	114.0
85	86.5
86	62.0
87	39.5
88	30.0
89	26.0
90	20.5
91	15.0
92	9.0
93	5.0
94	5.5
95	5.0
96	3.0
97	1.5
98	1.5
99	2.5
100	3.5
>>END_MODULE
>>Per base N content	pass
#Base	N-Count
1	0.009416943997244763
2	0.0022430308817557878
3	0.0
4	0.0026736549539916037
5	0.0014196397985796125
6	2.4843696475143216E-4
7	0.0
8	3.0758862302558275E-5
9	1.1830331654830105E-4
10-14	1.348657808650632E-4
15-19	4.637490008693401E-5
20-24	4.7463290599178377E-4
25-29	0.005776987553686636
30-34	0.006723887299339239
35-39	0.014147183806112032
40-44	0.012225937945367624
45-49	0.004929462593934608
50-54	8.849088077812917E-4
55-59	0.004442526143021801
60-64	0.015322172346069758
65-69	0.044981287017995024
70-74	0.04440018112710977
75-79	0.008705704458156377
80-84	0.0017508890849148554
85-89	1.9969599833353217E-4
90-94	7.817483157511732E-4
95-99	7.883733014778781E-4
100-101	4.850435978480343E-4
>>END_MODULE
>>Sequence Length Distribution	pass
#Length	Count
101	4.2264242E7
>>END_MODULE
>>Sequence Duplication Levels	fail
#Total Duplicate Percentage	66.43626593043608
#Duplication Level	Relative count
1	100.0
2	74.63241234448215
3	44.30147328838555
4	20.580502063778845
5	9.14525771530134
6	3.8851922031757224
7	1.9873969946679593
8	1.1604165748615578
9	0.9400843138118951
10++	37.14361256775217
>>END_MODULE
>>Overrepresented sequences	pass
>>END_MODULE
>>Kmer Content	pass
>>END_MODULE
