Base	G	A	T	C
1	17.94642210216302	31.75234455479713	16.552161934064678	33.749071408975176
2	23.939799865102803	27.658378923327653	33.199646009608244	15.202175201961305
3	20.624602707887203	29.323679814250543	26.483898611029154	23.5678188668331
4	23.20821523980534	26.45913060069973	25.735565804997982	24.597088354496943
5	25.124100757809753	26.163339165138677	25.4774683166207	23.23509176043087
6	23.727220551078567	25.40335083619476	25.060518803447945	25.80890980927873
7	25.46569509042656	25.76458605361951	25.079349583508442	23.690369272445487
8	21.568423737245983	24.446171725976594	28.67771940190841	25.30768513486902
9	23.202248844601122	22.964059031342654	28.638917313266038	25.194774810790182
10-14	24.332213196587134	25.093106610242216	25.700495111877824	24.874185081292826
15-19	24.691592575000268	25.183467234452184	25.016626355818154	25.108313834729394
20-24	24.656877702187753	25.11362768066946	25.242301603461897	24.98719301368089
25-29	24.780226353063746	24.975945416655744	25.227608618396673	25.016219611883834
30-34	24.876452153139972	24.95844943632511	25.030200963384075	25.134897447150838
35-39	24.931018697720816	25.033532140369953	24.995080488732253	25.040368673176978
40-44	24.94584476799762	25.043292713071892	25.00275372805843	25.008108790872065
45-49	24.9631243397965	24.949969308950536	24.980118739131324	25.10678761212164
50-54	24.994260818721088	24.94261907121232	25.001836083720498	25.061284026346097
55-59	25.040852186679835	24.978819689510793	24.932434684132343	25.047893439677026
60-64	25.04030134938841	24.92336331777045	24.92777860084805	25.108556731993087
65-69	25.085347503485067	24.98715701187668	24.92159316160444	25.005902323033812
70-74	25.126367730456618	25.02053344096963	24.854865053173526	24.998233775400227
75-79	25.10226543931528	24.99580874013258	24.84750688103712	25.054418939515017
80-84	25.097420937810593	24.998722538420974	24.916692421749623	24.987164102018806
85-89	25.167756330721236	25.032440727033446	24.842075640944515	24.957727301300807
90-94	25.188443276982436	24.991982521561017	24.807013840148198	25.012560361308346
95-99	25.21913685371193	25.020302428818415	24.835481378854386	24.92507933861527
100-101	25.407243988547524	25.032446616493353	24.66023773356057	24.900071661398552
